Berlin: (52.5170365, 13.3888599)
Munich: (48.1371079, 11.5753822)