osmid,oneway,lanes,ref,name,highway,maxspeed,reversed,length,geometry,bridge,junction
186520199,False,2,CV-3870,Avenida de Ramón y Cajal,tertiary,50,False,67.291,"LINESTRING (-0.7230268 39.4685128, -0.7227015 39.4690634)",,
1161295859,False,,CV-3870,Avenida de Ramón y Cajal,tertiary,,True,38.347,"LINESTRING (-0.7230268 39.4685128, -0.7232098 39.4681982)",,
1161295858,False,2,CV-421,Carretera de Turís a Chiva,tertiary,50,True,45.62,"LINESTRING (-0.7230268 39.4685128, -0.7230192 39.4684831, -0.7230171 39.4684396, -0.7230242 39.4683871, -0.7230442 39.4683232, -0.723065 39.4682611, -0.7230904 39.4681937, -0.7231215 39.4681136)",,
186487176,False,2,CV-3850,Avenida del Doctor Corachán,tertiary,50,True,101.944,"LINESTRING (-0.7120257 39.4740656, -0.7132002 39.4739293)",,
186520189,False,2,CV-379,Avenida de la Estación,tertiary,50,False,82.674,"LINESTRING (-0.72279 39.4710424, -0.7218738 39.4708131)",,
1197758709,False,,CV-379,Avenida de la Estación,tertiary,50,False,63.08,"LINESTRING (-0.72279 39.4710424, -0.7227835 39.4713845, -0.7227819 39.4714685, -0.7227734 39.4716095)",,
122100159,False,2,CV-3870,Calle del Doctor Nácher,tertiary,50,False,52.723,"LINESTRING (-0.7122446 39.4703435, -0.7128581 39.4703206)",,
122100165,True,,,Calle Rafael Lacalle,residential,,False,93.465,"LINESTRING (-0.7128573 39.4702345, -0.7128083 39.4693948)",,
122100206,True,,,Calle Maestro Garcia,residential,,False,52.807,"LINESTRING (-0.7128573 39.4702345, -0.7122431 39.4702615)",,
150036316,True,2,CV-3850,Avenida del Doctor Corachán,tertiary,50,False,48.501,"LINESTRING (-0.7151084 39.4721884, -0.7153106 39.4717811)",,
150039376,False,,,Calle Enseñanza,residential,,True,26.246,"LINESTRING (-0.7151084 39.4721884, -0.7153907 39.4722791)",,
122100167,False,,,Calle Médico Marcial Bernat,residential,,False,41.916,"LINESTRING (-0.7144572 39.4696341, -0.7141511 39.4693404)",,
122100184,False,,,Calle Gila,residential,,False,89.983,"LINESTRING (-0.7144572 39.4696341, -0.7134099 39.4696691)",,
122100167,False,,,Calle Médico Marcial Bernat,residential,,True,45.614999999999995,"LINESTRING (-0.7144572 39.4696341, -0.7145913 39.4697462, -0.7146611 39.4697835, -0.7147301 39.4697815, -0.7148703 39.4698684)",,
122100184,False,,,Calle Gila,residential,,True,89.983,"LINESTRING (-0.7134099 39.4696691, -0.7144572 39.4696341)",,
122100201,True,,,Calle el Palleter,residential,,False,32.266,"LINESTRING (-0.7134099 39.4696691, -0.7134231 39.4699591)",,
122100159,False,2,CV-3870,Calle del Doctor Nácher,tertiary,50,False,40.491,"LINESTRING (-0.7143757 39.4702614, -0.7148469 39.4702443)",,
122100159,False,2,CV-3870,Calle del Doctor Nácher,tertiary,50,True,80.624,"LINESTRING (-0.7143757 39.4702614, -0.7134375 39.4702959)",,
122100206,True,,,Calle Maestro Garcia,residential,,False,88.86399999999999,"LINESTRING (-0.7143757 39.4702614, -0.7143741 39.4701952, -0.7143422 39.4701775, -0.713433 39.4702106)",,
122100191,True,2,CV-3850,Avenida del Doctor Corachán,tertiary,50,False,9.818,"LINESTRING (-0.7149906 39.4724008, -0.7150373 39.4723202)",,
122100159,False,2,CV-3870,Calle del Doctor Nácher,tertiary,50,False,80.624,"LINESTRING (-0.7134375 39.4702959, -0.7143757 39.4702614)",,
122100159,False,2,CV-3870,Calle del Doctor Nácher,tertiary,50,True,49.81,"LINESTRING (-0.7134375 39.4702959, -0.7128581 39.4703206)",,
122100201,True,,,Calle el Palleter,residential,,False,33.455,"LINESTRING (-0.7133969 39.4693684, -0.7134099 39.4696691)",,
122100223,True,,,Calle Alcalde Urbino Blay Mayez,residential,,False,50.61,"LINESTRING (-0.7133969 39.4693684, -0.7128083 39.4693948)",,
"[186513404, 122100167]",False,,,"['Calle Médico Marcial Bernat', 'Calle Gregorio Ordóñez']",residential,,False,146.952,"LINESTRING (-0.7136384 39.4689704, -0.7133566 39.4687615, -0.7133272 39.4687397, -0.7129473 39.4685058, -0.7121542 39.4685429)",,
122100167,False,,,Calle Médico Marcial Bernat,residential,,True,60.265,"LINESTRING (-0.7136384 39.4689704, -0.7141245 39.4693168, -0.7141511 39.4693404)",,
122100191,True,2,CV-3850,Avenida del Doctor Corachán,tertiary,50,False,174.063,"LINESTRING (-0.7141144 39.4737946, -0.7141888 39.4737506, -0.7142481 39.4737056, -0.7143093 39.4736448, -0.71435 39.4735955, -0.7143862 39.4735452, -0.7147255 39.4728992, -0.7149906 39.4724008)",,
186487176,False,2,CV-3850,Avenida del Doctor Corachán,tertiary,50,False,80.22099999999999,"LINESTRING (-0.7141144 39.4737946, -0.7140202 39.4738266, -0.7139304 39.4738449, -0.7138381 39.4738625, -0.7133578 39.4739128, -0.7132002 39.4739293)",,
122100167,False,,,Calle Médico Marcial Bernat,residential,,True,41.916,"LINESTRING (-0.7141511 39.4693404, -0.7144572 39.4696341)",,
122100223,True,,,Calle Alcalde Urbino Blay Mayez,residential,,False,64.814,"LINESTRING (-0.7141511 39.4693404, -0.7133969 39.4693684)",,
122100167,False,,,Calle Médico Marcial Bernat,residential,,False,60.265,"LINESTRING (-0.7141511 39.4693404, -0.7141245 39.4693168, -0.7136384 39.4689704)",,
122100212,True,,,Calle Alcalde Rafael Higón,residential,,False,93.881,"LINESTRING (-0.7122058 39.4694177, -0.7122431 39.4702615)",,
122100165,True,,,Calle Rafael Lacalle,residential,,False,43.085,"LINESTRING (-0.7128083 39.4693948, -0.7127864 39.4690077)",,
122100223,True,,,Calle Alcalde Urbino Blay Mayez,residential,,False,51.78,"LINESTRING (-0.7128083 39.4693948, -0.7122058 39.4694177)",,
122100173,False,,,Calle Miguel Angel Blanco,residential,,True,88.005,"LINESTRING (-0.7134231 39.4699591, -0.7144474 39.4699251)",,
122100201,True,,,Calle el Palleter,residential,,False,27.978,"LINESTRING (-0.7134231 39.4699591, -0.713433 39.4702106)",,
122100212,True,,,Calle Alcalde Rafael Higón,residential,,False,9.119,"LINESTRING (-0.7122431 39.4702615, -0.7122446 39.4703435)",,
122100173,False,,,Calle Miguel Angel Blanco,residential,,False,88.005,"LINESTRING (-0.7144474 39.4699251, -0.7134231 39.4699591)",,
122100165,True,,,Calle Rafael Lacalle,residential,,False,25.623,"LINESTRING (-0.7127864 39.4690077, -0.7127661 39.4687778)",,
122100170,True,,,Calle de Ernest Lluch,residential,,False,73.265,"LINESTRING (-0.7127864 39.4690077, -0.7133573 39.4689884, -0.7136384 39.4689704)",,
122100201,True,,,Calle el Palleter,residential,,False,9.493,"LINESTRING (-0.713433 39.4702106, -0.7134375 39.4702959)",,
122100206,True,,,Calle Maestro Garcia,residential,,False,49.488,"LINESTRING (-0.713433 39.4702106, -0.7128573 39.4702345)",,
150036313,False,,,Calle del Ejército Español,residential,,True,48.974999999999994,"LINESTRING (-0.7151664 39.4702377, -0.7151607 39.4701908, -0.7151378 39.4701532, -0.7148703 39.4698684)",,
"[186487169, 122100159]",False,2,CV-3870,Calle del Doctor Nácher,tertiary,50,"[False, True]",27.441000000000003,"LINESTRING (-0.7151664 39.4702377, -0.7150853 39.4702373, -0.7149775 39.4702401, -0.7148469 39.4702443)",,
186487169,False,2,CV-3870,Calle del Doctor Nácher,tertiary,50,True,77.26599999999999,"LINESTRING (-0.7151664 39.4702377, -0.7152535 39.4702443, -0.7153167 39.4702546, -0.715353 39.4702605, -0.7153833 39.4702654, -0.7155139 39.4703041, -0.7155848 39.4703305, -0.7156566 39.4703636, -0.7159093 39.4704851, -0.7159769 39.4705182)",,
186487169,False,2,CV-3870,Calle del Doctor Nácher,tertiary,50,False,103.27100000000002,"LINESTRING (-0.7169586 39.4710451, -0.7169322 39.4710124, -0.7169008 39.4709848, -0.7168528 39.4709516, -0.7168188 39.4709285, -0.7167847 39.470908, -0.7162751 39.4706637, -0.7159769 39.4705182)",,
186487169,False,2,CV-3870,Calle del Doctor Nácher,tertiary,50,True,59.852000000000004,"LINESTRING (-0.7169586 39.4710451, -0.7169973 39.4711109, -0.7170191 39.4711596, -0.7170367 39.4712114, -0.7170519 39.4712604, -0.71711 39.4714454, -0.7171249 39.4714965, -0.7171466 39.4715622)",,
186513402,False,,,Paseo de Argentina,residential,,True,16.947,"LINESTRING (-0.7169586 39.4710451, -0.7169589 39.4709744, -0.7169583 39.4709403, -0.7169582 39.4709174, -0.7169582 39.4708927)",,
150039402,False,,,Calle San Isidro,residential,,True,203.587,"LINESTRING (-0.7192079 39.4725526, -0.7192545 39.472472, -0.7198566 39.4719829, -0.7200094 39.4717899, -0.7205507 39.4710592)",,
186520173,False,2,CV-3870,,tertiary,50,True,40.983000000000004,"LINESTRING (-0.7192079 39.4725526, -0.719247 39.472557, -0.7193037 39.472562, -0.719565 39.4725915, -0.7196808 39.4726033)",yes,
"[186520176, 304003572, 186520181]",False,2,CV-3870,"['Calle de Antonio Machado', 'Plaza de la Constitución']",tertiary,50,False,131.322,"LINESTRING (-0.7192079 39.4725526, -0.7191356 39.4725572, -0.7190491 39.4725836, -0.7182417 39.4728493, -0.7181749 39.4728593, -0.7181339 39.4728605, -0.7180983 39.4728548, -0.7180695 39.4728492, -0.7180316 39.4728382, -0.7179887 39.4728222, -0.7178525 39.4727742, -0.7177857 39.4727502)",,
186516508,True,,,Calle Enrique Ponce,residential,,False,83.781,"LINESTRING (-0.7177857 39.4727502, -0.7177153 39.4728598, -0.7177038 39.4730323, -0.7176915 39.473175, -0.7176807 39.4731952, -0.7176621 39.4732154, -0.7176212 39.4732499, -0.7175383 39.4733111, -0.7174125 39.4734026)",,
"[186487169, 304003571]",False,2,CV-3870,"['Calle del Doctor Nácher', 'Plaza de la Constitución']",tertiary,50,False,145.88100000000003,"LINESTRING (-0.7177857 39.4727502, -0.7177178 39.4727219, -0.7177041 39.4727155, -0.7176893 39.4727071, -0.7176769 39.4726998, -0.7176651 39.4726904, -0.7176463 39.4726728, -0.7176218 39.4726454, -0.7176012 39.4726145, -0.7175806 39.4725718, -0.7175606 39.4725212, -0.7175389 39.4724649, -0.7175274 39.4724353, -0.7175065 39.4723825, -0.7173932 39.4721252, -0.7172933 39.4719296, -0.7172525 39.4718331, -0.7172193 39.4717553, -0.7171903 39.4716797, -0.7171658 39.4716165, -0.7171466 39.4715622)",,
"[186520176, 304003572, 186520181]",False,2,CV-3870,"['Calle de Antonio Machado', 'Plaza de la Constitución']",tertiary,50,True,131.32199999999997,"LINESTRING (-0.7177857 39.4727502, -0.7178525 39.4727742, -0.7179887 39.4728222, -0.7180316 39.4728382, -0.7180695 39.4728492, -0.7180983 39.4728548, -0.7181339 39.4728605, -0.7181749 39.4728593, -0.7182417 39.4728493, -0.7190491 39.4725836, -0.7191356 39.4725572, -0.7192079 39.4725526)",,
150031005,False,2,CV-3870,Avenida de Ramón y Cajal,tertiary,50,True,3.57,"LINESTRING (-0.7196808 39.4726033, -0.7197218 39.4725979)",,
186520173,False,2,CV-3870,,tertiary,50,False,40.983,"LINESTRING (-0.7196808 39.4726033, -0.719565 39.4725915, -0.7193037 39.472562, -0.719247 39.472557, -0.7192079 39.4725526)",yes,
150031932,True,,,,primary,,False,9.273,"LINESTRING (-0.7179428 39.4703506, -0.7179565 39.4703376, -0.7179653 39.4703224, -0.7179687 39.4703059, -0.7179664 39.4702894, -0.7179587 39.4702738)",,roundabout
186487180,True,1,,Avenida del Reino de Valencia,primary,,False,15.779,"LINESTRING (-0.7179428 39.4703506, -0.7179704 39.4703455, -0.7180112 39.4703375, -0.7180587 39.4703295, -0.7181225 39.470321)",,
150031933,False,2,,Avenida del Reino de Valencia,primary,50,False,191.08400000000003,"LINESTRING (-0.7210481 39.4682412, -0.7210186 39.4684596, -0.7209716 39.4686388, -0.7209234 39.4687754, -0.7208952 39.4688476, -0.7208664 39.4689112, -0.72082 39.4689962, -0.7207571 39.469096, -0.720692 39.4691869, -0.7206013 39.4693038, -0.7205283 39.4693861, -0.7204401 39.4694702, -0.7203265 39.469573, -0.7202544 39.4696301, -0.7201802 39.469688, -0.720099 39.469744)",,
150031933,False,2,,Avenida del Reino de Valencia,primary,50,False,185.006,"LINESTRING (-0.720099 39.469744, -0.7200244 39.4697898, -0.7199514 39.4698318, -0.7198552 39.469885, -0.7197612 39.4699322, -0.7196679 39.4699749, -0.7195242 39.4700332, -0.7193733 39.4700905, -0.7192062 39.4701444, -0.7190337 39.4701984, -0.7188855 39.4702417, -0.7187675 39.4702661, -0.7186521 39.4702881, -0.7185415 39.4703041, -0.7184686 39.4703128, -0.718409 39.4703152, -0.7182965 39.4703213, -0.7181225 39.470321)",,
150031933,False,2,,Avenida del Reino de Valencia,primary,50,True,191.08399999999997,"LINESTRING (-0.720099 39.469744, -0.7201802 39.469688, -0.7202544 39.4696301, -0.7203265 39.469573, -0.7204401 39.4694702, -0.7205283 39.4693861, -0.7206013 39.4693038, -0.720692 39.4691869, -0.7207571 39.469096, -0.72082 39.4689962, -0.7208664 39.4689112, -0.7208952 39.4688476, -0.7209234 39.4687754, -0.7209716 39.4686388, -0.7210186 39.4684596, -0.7210481 39.4682412)",,
150031932,True,,,,primary,,False,3.112,"LINESTRING (-0.7179587 39.4702738, -0.7179483 39.4702624, -0.7179349 39.4702529)",,roundabout
150031932,True,,,,primary,,False,1.074,"LINESTRING (-0.7178525 39.4702465, -0.7178415 39.4702511)",,roundabout
150031933,False,2,,Avenida del Reino de Valencia,primary,50,True,185.00599999999997,"LINESTRING (-0.7181225 39.470321, -0.7182965 39.4703213, -0.718409 39.4703152, -0.7184686 39.4703128, -0.7185415 39.4703041, -0.7186521 39.4702881, -0.7187675 39.4702661, -0.7188855 39.4702417, -0.7190337 39.4701984, -0.7192062 39.4701444, -0.7193733 39.4700905, -0.7195242 39.4700332, -0.7196679 39.4699749, -0.7197612 39.4699322, -0.7198552 39.469885, -0.7199514 39.4698318, -0.7200244 39.4697898, -0.720099 39.469744)",,
441624956,True,1,,Avenida del Reino de Valencia,primary,,False,15.012,"LINESTRING (-0.7181225 39.470321, -0.7180945 39.4703119, -0.7180462 39.4702991, -0.7180077 39.4702881, -0.7179839 39.4702815, -0.7179587 39.4702738)",,
150031932,True,,,,primary,,False,6.785,"LINESTRING (-0.7178103 39.4703282, -0.7178199 39.4703415, -0.7178334 39.4703527, -0.7178499 39.4703611, -0.7178685 39.4703662)",,roundabout
150033347,False,,,Calle Domingo Vela,residential,,False,24.148,"LINESTRING (-0.7220424 39.4727154, -0.7217896 39.4726201)",,
150033347,False,,,Calle Domingo Vela,residential,,True,39.635,"LINESTRING (-0.7220424 39.4727154, -0.7224567 39.4728728)",,
150033350,True,,,Calle de Santiago Apóstol,residential,,False,75.191,"LINESTRING (-0.7220424 39.4727154, -0.7216524 39.4733209)",,
150033341,True,,,Calle de Jaime I,residential,,False,53.692,"LINESTRING (-0.720899 39.4752856, -0.7211841 39.4748558)",,
186516522,False,,,Calle de Lepanto,residential,,False,90.44,"LINESTRING (-0.720899 39.4752856, -0.721825 39.4756737)",,
186516522,False,,,Calle de Lepanto,residential,,True,39.162,"LINESTRING (-0.720899 39.4752856, -0.7205002 39.4751145)",,
150033345,False,,,Calle Virgen de los Desamparados,residential,,False,39.202,"LINESTRING (-0.7220601 39.4734798, -0.7216524 39.4733209)",,
1210832730,True,,,Calle de Jaime I,residential,,False,75.594,"LINESTRING (-0.7220601 39.4734798, -0.7224567 39.4728728)",,
186516522,False,,,Calle de Lepanto,residential,,True,90.44,"LINESTRING (-0.721825 39.4756737, -0.720899 39.4752856)",,
186516522,False,,,Calle de Lepanto,residential,,False,143.61399999999998,"LINESTRING (-0.721825 39.4756737, -0.7222687 39.4758524, -0.722321 39.4758693, -0.7223863 39.4758799, -0.7224525 39.4758852, -0.7225148 39.4758922, -0.7226417 39.4758911, -0.7227968 39.4758875, -0.7228063 39.4758879, -0.7230803 39.4758811, -0.7232354 39.4758752, -0.7233471 39.4758654, -0.7234308 39.4758489)",,
150033341,True,,,Calle de Jaime I,residential,,False,40.825,"LINESTRING (-0.7218595 39.4738127, -0.7220601 39.4734798)",,
150033342,False,,,Calle de Colón,residential,,False,40.653,"LINESTRING (-0.7218595 39.4738127, -0.7214362 39.4736487)",,
150033342,False,,,Calle de Colón,residential,,True,90.028,"LINESTRING (-0.7218595 39.4738127, -0.7227945 39.4741796)",,
150033571,False,,,Calle de San Rafael,residential,,False,106.352,"LINESTRING (-0.7215545 39.4713249, -0.7226611 39.4717551)",,
150033354,True,,,Calle de Calderón de la Barca,residential,,False,216.101,"LINESTRING (-0.7215545 39.4713249, -0.7212363 39.4718031, -0.72108 39.4720412, -0.7209179 39.4722833, -0.7206543 39.4726899, -0.7204156 39.4730581)",,
150033342,False,,,Calle de Colón,residential,,True,40.653,"LINESTRING (-0.7214362 39.4736487, -0.7218595 39.4738127)",,
1210832729,True,,,Calle de Santiago Apóstol,residential,,False,69.063,"LINESTRING (-0.7214362 39.4736487, -0.721081 39.474206)",,
186516523,True,,,Calle del Pilar,residential,,False,88.43599999999999,"LINESTRING (-0.7194814 39.4739822, -0.7195997 39.4741471, -0.7196103 39.4741626, -0.7197042 39.4743001, -0.71976 39.4743813, -0.7198173 39.4744547, -0.7199997 39.4746688)",,
150033347,False,,,Calle Domingo Vela,residential,,False,39.635,"LINESTRING (-0.7224567 39.4728728, -0.7220424 39.4727154)",,
150033347,False,,,Calle Domingo Vela,residential,,True,28.25,"LINESTRING (-0.7224567 39.4728728, -0.7227561 39.4729783)",,
30630011,False,,CV-379,Carretera de Chiva a Gestalgar,tertiary,50,True,24.365,"LINESTRING (-0.7229573 39.4742503, -0.7229119 39.474034)",,
150033342,False,,,Calle de Colón,residential,,False,16.033,"LINESTRING (-0.7229573 39.4742503, -0.7227945 39.4741796)",,
30630011,False,,CV-379,Carretera de Chiva a Gestalgar,tertiary,50,False,182.349,"LINESTRING (-0.7229573 39.4742503, -0.7229739 39.4742975, -0.7230262 39.4744845, -0.7234308 39.4758489)",,
186516520,False,,,Calle de Cervantes,residential,,True,44.33,"LINESTRING (-0.7199024 39.4737888, -0.7199465 39.4739032, -0.7199947 39.4740373, -0.7200448 39.474172)",,
1210832731,True,1,,Calle Colón,residential,20,False,42.051,"LINESTRING (-0.7199024 39.4737888, -0.7198283 39.4738228, -0.7194814 39.4739822)",,
1210832732,True,,,Calle Colón,residential,,False,133.377,"LINESTRING (-0.7199024 39.4737888, -0.7201911 39.4737523, -0.7214026 39.4736321, -0.7214362 39.4736487)",,
150033344,True,,,Calle Pintor Murillo,residential,,False,89.448,"LINESTRING (-0.7200448 39.474172, -0.7209438 39.4741772, -0.721007 39.4741847, -0.7210416 39.4741925, -0.721081 39.474206)",,
186516520,False,,,Calle de Cervantes,residential,,False,44.33,"LINESTRING (-0.7200448 39.474172, -0.7199947 39.4740373, -0.7199465 39.4739032, -0.7199024 39.4737888)",,
186516520,False,,,Calle de Cervantes,residential,,True,66.389,"LINESTRING (-0.7200448 39.474172, -0.7202201 39.4746314, -0.7202462 39.4747478)",,
150033345,False,,,Calle Virgen de los Desamparados,residential,,True,39.202,"LINESTRING (-0.7216524 39.4733209, -0.7220601 39.4734798)",,
1210832726,False,,,Calle Virgen de los Desamparados,residential,,False,24.07,"LINESTRING (-0.7216524 39.4733209, -0.7214021 39.4732233)",,
1210832727,True,,,Calle de Santiago Apóstol,residential,,False,40.902,"LINESTRING (-0.7216524 39.4733209, -0.7214362 39.4736487)",,
150033348,False,,,Calle Jesús Navarro,residential,,False,37.84,"LINESTRING (-0.7227395 39.4723824, -0.7223473 39.472227)",,
1197758709,False,,CV-379,Avenida de la Estación,tertiary,50,True,47.379,"LINESTRING (-0.7227395 39.4723824, -0.722756 39.4719565)",,
1197758709,False,,CV-379,Avenida de la Estación,tertiary,50,False,66.31700000000001,"LINESTRING (-0.7227395 39.4723824, -0.7227377 39.472777, -0.7227561 39.4729783)",,
186516522,False,,,Calle de Lepanto,residential,,False,39.162,"LINESTRING (-0.7205002 39.4751145, -0.720899 39.4752856)",,
186520178,False,,,Calle de Santiago Apóstol,residential,,False,35.651,"LINESTRING (-0.7205002 39.4751145, -0.7205042 39.4754351)",,
186516522,False,,,Calle de Lepanto,residential,,True,27.709,"LINESTRING (-0.7205002 39.4751145, -0.7204477 39.4750881, -0.7203925 39.4750528, -0.7203611 39.4750268, -0.7203334 39.4749934, -0.7202886 39.4749322)",,
150033339,True,,,Calle Padre Damián,residential,,False,60.638,"LINESTRING (-0.7224357 39.474729, -0.7221196 39.4752167)",,
150033350,True,,,Calle de Santiago Apóstol,residential,,False,18.842,"LINESTRING (-0.7227734 39.4716095, -0.7226611 39.4717551)",,
1197758709,False,,CV-379,Avenida de la Estación,tertiary,50,False,38.614,"LINESTRING (-0.7227734 39.4716095, -0.722756 39.4719565)",,
1197758709,False,,CV-379,Avenida de la Estación,tertiary,50,True,63.08,"LINESTRING (-0.7227734 39.4716095, -0.7227819 39.4714685, -0.7227835 39.4713845, -0.72279 39.4710424)",,
150033347,False,,,Calle Domingo Vela,residential,,False,28.25,"LINESTRING (-0.7227561 39.4729783, -0.7224567 39.4728728)",,
30630011,False,,CV-379,Carretera de Chiva a Gestalgar,tertiary,50,False,118.17,"LINESTRING (-0.7227561 39.4729783, -0.7228665 39.4738023, -0.7229119 39.474034)",,
1197758709,False,,CV-379,Avenida de la Estación,tertiary,50,True,66.31700000000001,"LINESTRING (-0.7227561 39.4729783, -0.7227377 39.472777, -0.7227395 39.4723824)",,
150033353,False,,,Calle Sevilla,residential,,True,39.839,"LINESTRING (-0.7207703 39.4746935, -0.7211841 39.4748558)",,
1210832729,True,,,Calle de Santiago Apóstol,residential,,False,52.239,"LINESTRING (-0.7207703 39.4746935, -0.7205002 39.4751145)",,
150033339,True,,,Calle Padre Damián,residential,,False,56.76,"LINESTRING (-0.7221196 39.4752167, -0.721825 39.4756737)",,
150033353,False,,,Calle Sevilla,residential,,False,89.765,"LINESTRING (-0.7221196 39.4752167, -0.7211841 39.4748558)",,
186520197,False,,,Calle Cerrito,residential,,True,58.791,"LINESTRING (-0.7197336 39.473107, -0.7204156 39.4730581)",,
150039341,True,,,Calle de Cervantes,residential,,False,79.21799999999999,"LINESTRING (-0.7197336 39.473107, -0.7197476 39.4732383, -0.7197873 39.4735079, -0.7198168 39.4736709, -0.7198306 39.4737397, -0.7198411 39.4737539, -0.7199024 39.4737888)",,
150033348,False,,,Calle Jesús Navarro,residential,,False,99.177,"LINESTRING (-0.7223473 39.472227, -0.7213104 39.4718335)",,
150033348,False,,,Calle Jesús Navarro,residential,,True,37.84,"LINESTRING (-0.7223473 39.472227, -0.7227395 39.4723824)",,
150033350,True,,,Calle de Santiago Apóstol,residential,,False,60.285,"LINESTRING (-0.7223473 39.472227, -0.722195 39.4724737, -0.7220424 39.4727154)",,
150033341,True,,,Calle de Jaime I,residential,,False,69.343,"LINESTRING (-0.7214949 39.4743692, -0.7218595 39.4738127)",,
186520182,True,,,Calle de Luis Alarcón López,residential,,False,90.119,"LINESTRING (-0.7214949 39.4743692, -0.7224357 39.474729)",,
150033339,True,,,Calle Padre Damián,residential,,False,68.414,"LINESTRING (-0.7227945 39.4741796, -0.7224357 39.474729)",,
150033342,False,,,Calle de Colón,residential,,False,90.028,"LINESTRING (-0.7227945 39.4741796, -0.7218595 39.4738127)",,
150033342,False,,,Calle de Colón,residential,,True,16.033,"LINESTRING (-0.7227945 39.4741796, -0.7229573 39.4742503)",,
150033341,True,,,Calle de Jaime I,residential,,False,60.326,"LINESTRING (-0.7211841 39.4748558, -0.7214949 39.4743692)",,
150033353,False,,,Calle Sevilla,residential,,False,39.839,"LINESTRING (-0.7211841 39.4748558, -0.7207703 39.4746935)",,
150033353,False,,,Calle Sevilla,residential,,True,89.765,"LINESTRING (-0.7211841 39.4748558, -0.7221196 39.4752167)",,
186520182,True,,,Calle de Luis Alarcón López,residential,,False,39.893,"LINESTRING (-0.721081 39.474206, -0.7214949 39.4743692)",,
1210832729,True,,,Calle de Santiago Apóstol,residential,,False,60.412,"LINESTRING (-0.721081 39.474206, -0.7207703 39.4746935)",,
186520189,False,2,CV-379,Avenida de la Estación,tertiary,50,True,16.406,"LINESTRING (-0.7216938 39.4707635, -0.7218738 39.4708131)",,
186520199,False,2,CV-3870,Avenida de Ramón y Cajal,tertiary,50,True,33.845,"LINESTRING (-0.7216938 39.4707635, -0.7218578 39.4704867)",,
150031005,False,2,CV-3870,Avenida de Ramón y Cajal,tertiary,50,False,267.489,"LINESTRING (-0.7216938 39.4707635, -0.721536 39.4710165, -0.7214558 39.4711411, -0.721418 39.4711921, -0.7213864 39.4712283, -0.7213475 39.4712649, -0.7204731 39.4720003, -0.7201222 39.4722979, -0.719828 39.472553, -0.7197923 39.4725719, -0.7197577 39.4725851, -0.7197218 39.4725979)",,
186520197,False,,,Calle Cerrito,residential,,False,58.791,"LINESTRING (-0.7204156 39.4730581, -0.7197336 39.473107)",,
150033354,True,,,Calle de Calderón de la Barca,residential,,False,93.006,"LINESTRING (-0.7204156 39.4730581, -0.7199926 39.4737198, -0.7199728 39.4737411, -0.719947 39.4737596, -0.7199024 39.4737888)",,
"[1210832728, 186520197]",False,,,"['Calle Cerrito', 'Calle Virgen de los Desamparados']",residential,,True,52.108,"LINESTRING (-0.7204156 39.4730581, -0.720506 39.4730529, -0.720655 39.4730433, -0.7207767 39.4730362, -0.7208902 39.4730294, -0.7209189 39.4730317, -0.7209444 39.4730395, -0.7209827 39.4730565, -0.72101 39.4730671)",,
150033354,True,,,Calle de Calderón de la Barca,residential,,False,63.166,"LINESTRING (-0.7218738 39.4708131, -0.7215545 39.4713249)",,
186520189,False,2,CV-379,Avenida de la Estación,tertiary,50,False,16.406,"LINESTRING (-0.7218738 39.4708131, -0.7216938 39.4707635)",,
186520189,False,2,CV-379,Avenida de la Estación,tertiary,50,True,82.674,"LINESTRING (-0.7218738 39.4708131, -0.72279 39.4710424)",,
186520191,False,,CV-379,Carretera de Chiva a Gestalgar,tertiary,60,False,23.467,"LINESTRING (-0.7234308 39.4758489, -0.7234908 39.4760548)",,
30630011,False,,CV-379,Carretera de Chiva a Gestalgar,tertiary,50,True,182.349,"LINESTRING (-0.7234308 39.4758489, -0.7230262 39.4744845, -0.7229739 39.4742975, -0.7229573 39.4742503)",,
186516522,False,,,Calle de Lepanto,residential,,True,143.614,"LINESTRING (-0.7234308 39.4758489, -0.7233471 39.4758654, -0.7232354 39.4758752, -0.7230803 39.4758811, -0.7228063 39.4758879, -0.7227968 39.4758875, -0.7226417 39.4758911, -0.7225148 39.4758922, -0.7224525 39.4758852, -0.7223863 39.4758799, -0.722321 39.4758693, -0.7222687 39.4758524, -0.721825 39.4756737)",,
30630011,False,,CV-379,Carretera de Chiva a Gestalgar,tertiary,50,False,24.365,"LINESTRING (-0.7229119 39.474034, -0.7229573 39.4742503)",,
150033339,True,,,Calle Padre Damián,residential,,False,19.07,"LINESTRING (-0.7229119 39.474034, -0.7227945 39.4741796)",,
30630011,False,,CV-379,Carretera de Chiva a Gestalgar,tertiary,50,True,118.17,"LINESTRING (-0.7229119 39.474034, -0.7228665 39.4738023, -0.7227561 39.4729783)",,
150033350,True,,,Calle de Santiago Apóstol,residential,,False,17.543,"LINESTRING (-0.7226611 39.4717551, -0.7225649 39.4718943)",,
150033571,False,,,Calle de San Rafael,residential,,True,106.352,"LINESTRING (-0.7226611 39.4717551, -0.7215545 39.4713249)",,
186520202,True,,,Calle de Alicante,residential,,False,86.136,"LINESTRING (-0.7229676 39.470471, -0.7220581 39.4701437)",,
150033570,True,,,Avenida de la Estación,residential,,False,66.09799999999998,"LINESTRING (-0.7229676 39.470471, -0.7228804 39.470637, -0.7228204 39.4707748, -0.7227991 39.4708393, -0.7227908 39.4709143, -0.72279 39.4710424)",,
186487169,False,2,CV-3870,Calle del Doctor Nácher,tertiary,50,False,77.26599999999999,"LINESTRING (-0.7159769 39.4705182, -0.7159093 39.4704851, -0.7156566 39.4703636, -0.7155848 39.4703305, -0.7155139 39.4703041, -0.7153833 39.4702654, -0.715353 39.4702605, -0.7153167 39.4702546, -0.7152535 39.4702443, -0.7151664 39.4702377)",,
186487169,False,2,CV-3870,Calle del Doctor Nácher,tertiary,50,True,103.27099999999999,"LINESTRING (-0.7159769 39.4705182, -0.7162751 39.4706637, -0.7167847 39.470908, -0.7168188 39.4709285, -0.7168528 39.4709516, -0.7169008 39.4709848, -0.7169322 39.4710124, -0.7169586 39.4710451)",,
150036323,False,,,Calle Pintor Sorolla,residential,,False,23.174,"LINESTRING (-0.7146981 39.4694487, -0.7149476 39.4693691)",,
150036313,False,,,Calle del Ejército Español,residential,,False,49.394999999999996,"LINESTRING (-0.7146981 39.4694487, -0.7148515 39.4697321, -0.7148703 39.4698684)",,
150036313,False,,,Calle del Ejército Español,residential,,True,44.989,"LINESTRING (-0.7146981 39.4694487, -0.7145602 39.4691917, -0.7144945 39.4690759)",,
150036324,False,,,Calle Pintor Sorolla,residential,,False,20.142,"LINESTRING (-0.7144945 39.4690759, -0.7147054 39.4689965)",,
150036313,False,,,Calle del Ejército Español,residential,,False,44.989,"LINESTRING (-0.7144945 39.4690759, -0.7145602 39.4691917, -0.7146981 39.4694487)",,
150036313,False,,,Calle del Ejército Español,residential,,True,56.076,"LINESTRING (-0.7144945 39.4690759, -0.7144586 39.4690366, -0.71419 39.4687888, -0.7140842 39.4686837)",,
150036316,True,2,CV-3850,Avenida del Doctor Corachán,tertiary,50,False,49.395,"LINESTRING (-0.7157548 39.470928, -0.7159769 39.4705182)",,
150039347,False,,,Calle Cunat Cortés,residential,,True,132.638,"LINESTRING (-0.7157548 39.470928, -0.7165095 39.471358, -0.7165491 39.4713864, -0.7165887 39.471421, -0.7168803 39.4716957, -0.7168809 39.4717214)",,
150036324,False,,,Calle Pintor Sorolla,residential,,True,20.142,"LINESTRING (-0.7147054 39.4689965, -0.7144945 39.4690759)",,
"[186513405, 186513406]",False,,,Calle Pintor Sorolla,residential,,False,77.07,"LINESTRING (-0.7147054 39.4689965, -0.7142971 39.4686114, -0.7142682 39.4685983, -0.7142346 39.4686037, -0.7141953 39.4686124, -0.7140842 39.4686837)",,
186513406,False,,,Calle Pintor Sorolla,residential,,True,46.631,"LINESTRING (-0.7147054 39.4689965, -0.7147509 39.4690364, -0.7147778 39.4690681, -0.7149476 39.4693691)",,
150077189,False,,,"Calle Subida al Castillo,",residential,,True,29.783,"LINESTRING (-0.7166633 39.4706005, -0.7168578 39.4703787)",,
186513402,False,,,Paseo de Argentina,residential,,False,41.202999999999996,"LINESTRING (-0.7166633 39.4706005, -0.7167995 39.4707294, -0.7169247 39.4708546, -0.7169582 39.4708927)",,
"[186513402, 150036317]",False,,,"['Calle Pintor Sorolla', 'Paseo de Argentina']",residential,,True,208.406,"LINESTRING (-0.7166633 39.4706005, -0.7164773 39.4704984, -0.7162746 39.4704167, -0.7159398 39.4702952, -0.7157529 39.4702275, -0.7157267 39.4702142, -0.7157149 39.4702055, -0.7157018 39.4701905, -0.7156888 39.47017, -0.7156705 39.4701568, -0.715591 39.4701175, -0.7155162 39.4700845, -0.715496 39.4700737, -0.7154675 39.4700534, -0.7154398 39.4700221, -0.7154227 39.4699831, -0.7154074 39.4699422, -0.7153878 39.4698719, -0.7153727 39.4698092, -0.7153533 39.4697635, -0.7152781 39.4696204, -0.7151181 39.4693129)",,
150036317,False,,,Calle Pintor Sorolla,residential,,False,20.955,"LINESTRING (-0.7150222 39.4691396, -0.7151181 39.4693129)",,
150036317,False,,,Calle Pintor Sorolla,residential,,True,20.955,"LINESTRING (-0.7151181 39.4693129, -0.7150222 39.4691396)",,
150036323,False,,,Calle Pintor Sorolla,residential,,True,15.914,"LINESTRING (-0.7151181 39.4693129, -0.7149476 39.4693691)",,
"[186513402, 150036317]",False,,,"['Calle Pintor Sorolla', 'Paseo de Argentina']",residential,,False,208.406,"LINESTRING (-0.7151181 39.4693129, -0.7152781 39.4696204, -0.7153533 39.4697635, -0.7153727 39.4698092, -0.7153878 39.4698719, -0.7154074 39.4699422, -0.7154227 39.4699831, -0.7154398 39.4700221, -0.7154675 39.4700534, -0.715496 39.4700737, -0.7155162 39.4700845, -0.715591 39.4701175, -0.7156705 39.4701568, -0.7156888 39.47017, -0.7157018 39.4701905, -0.7157149 39.4702055, -0.7157267 39.4702142, -0.7157529 39.4702275, -0.7159398 39.4702952, -0.7162746 39.4704167, -0.7164773 39.4704984, -0.7166633 39.4706005)",,
150036313,False,,,Calle del Ejército Español,residential,,False,56.076,"LINESTRING (-0.7140842 39.4686837, -0.71419 39.4687888, -0.7144586 39.4690366, -0.7144945 39.4690759)",,
"[186513405, 186513406]",False,,,Calle Pintor Sorolla,residential,,True,77.07,"LINESTRING (-0.7140842 39.4686837, -0.7141953 39.4686124, -0.7142346 39.4686037, -0.7142682 39.4685983, -0.7142971 39.4686114, -0.7147054 39.4689965)",,
150039358,False,,,Calle Cruz de Piedra,residential,,False,52.826,"LINESTRING (-0.7196301 39.4712828, -0.7193248 39.4708703)",,
304003556,False,,,Calle Cruz de Piedra,residential,,False,20.978,"LINESTRING (-0.7194658 39.4707162, -0.7193248 39.4708703)",,
150077213,False,,,Calle Guillem de Castro,residential,,True,56.147,"LINESTRING (-0.7194658 39.4707162, -0.719322 39.4705224, -0.7192447 39.4704181, -0.7191408 39.470278)",,
304003556,False,,,Calle Cruz de Piedra,residential,,True,80.20700000000001,"LINESTRING (-0.7194658 39.4707162, -0.7198384 39.4704297, -0.719849 39.4704121, -0.7198463 39.4703902, -0.7197247 39.4702698, -0.7197056 39.470246, -0.7196886 39.4702202, -0.719661 39.4701595)",,
122100159,False,2,CV-3870,Calle del Doctor Nácher,tertiary,50,True,40.491,"LINESTRING (-0.7148469 39.4702443, -0.7143757 39.4702614)",,
"[186487169, 122100159]",False,2,CV-3870,Calle del Doctor Nácher,tertiary,50,"[False, True]",27.441,"LINESTRING (-0.7148469 39.4702443, -0.7149775 39.4702401, -0.7150853 39.4702373, -0.7151664 39.4702377)",,
150039367,False,,,Calle San Juan Bautista,residential,,False,136.929,"LINESTRING (-0.7148469 39.4702443, -0.7148519 39.4702932, -0.7148586 39.4703149, -0.7148731 39.4703443, -0.7148875 39.4703629, -0.71492 39.470413, -0.714949 39.470474, -0.7149565 39.4705015, -0.7149586 39.470525, -0.7149588 39.4705467, -0.7149518 39.4705695, -0.714519 39.4713935)",,
150039383,True,,,Calle Cuesta Cardador,residential,,False,134.726,"LINESTRING (-0.7197844 39.4760451, -0.7197909 39.4759423, -0.7198145 39.4758519, -0.7198356 39.4757677, -0.7198877 39.4753728, -0.7198804 39.4753235, -0.7198625 39.4752879, -0.7197506 39.4751069, -0.7196694 39.4749802, -0.7196079 39.4748876)",,
150039401,False,,,Calle Comunidad Valenciana,residential,,False,68.614,"LINESTRING (-0.7184312 39.4709408, -0.7183373 39.4706768, -0.7183219 39.470656, -0.7183 39.47064, -0.7182712 39.4706292, -0.7182305 39.470631, -0.7179262 39.4706796)",,
150039342,False,,,Calle de la Olivera,residential,,False,123.603,"LINESTRING (-0.7161563 39.4742501, -0.7161194 39.4742405, -0.7160639 39.4742334, -0.7160057 39.4742276, -0.715954 39.4742168, -0.7158405 39.4741727, -0.7157572 39.4741454, -0.7157438 39.474171, -0.715734 39.4741827, -0.7157178 39.4741942, -0.7156944 39.4741959, -0.7152801 39.4740588, -0.7152454 39.474039, -0.7152226 39.4740162, -0.7150988 39.473876, -0.7150806 39.4738363, -0.7150726 39.4738096, -0.7150726 39.4737809, -0.7150852 39.4737537)",,
150039342,False,,,Calle de la Olivera,residential,,True,85.02799999999999,"LINESTRING (-0.7161563 39.4742501, -0.716191 39.4742759, -0.7162995 39.4743477, -0.7163229 39.4743617, -0.7163345 39.4743745, -0.7163431 39.4743878, -0.716353 39.474413, -0.7163684 39.4744635, -0.7163804 39.474494, -0.7163963 39.474517, -0.7165226 39.4746383, -0.7165811 39.4747075, -0.7166439 39.4748016, -0.7166973 39.4748743)",,
150039361,False,,,Calle Jacinta Frances,residential,,True,65.298,"LINESTRING (-0.7161563 39.4742501, -0.7162502 39.4739913, -0.7162702 39.4739614, -0.7162974 39.4739318, -0.7164231 39.4738225, -0.7165037 39.4737412)",,
150039357,False,,,,residential,,False,80.08000000000001,"LINESTRING (-0.7178765 39.4717498, -0.7176899 39.4714978, -0.7176689 39.4714879, -0.7176439 39.4714855, -0.7171466 39.4715622)",,
150039344,False,,,Plaza del Doctor Fleming,residential,,False,35.828,"LINESTRING (-0.7171014 39.4736152, -0.7171384 39.4735792, -0.717177 39.4735506, -0.7172199 39.4735281, -0.7172595 39.4735082, -0.7173227 39.4734633, -0.7174125 39.4734026)",,
186516503,False,,,Plaza de la Iglesia,residential,,False,9.36,"LINESTRING (-0.7171014 39.4736152, -0.7170916 39.4735915, -0.7170803 39.4735715, -0.7170575 39.4735384)",,
186516503,False,,,Plaza de la Iglesia,residential,,True,14.182000000000002,"LINESTRING (-0.7171014 39.4736152, -0.7170714 39.4736457, -0.7170515 39.4736802, -0.7170472 39.473713, -0.7170462 39.4737315)",,
150039383,True,,,Calle Cuesta Cardador,residential,,False,41.507000000000005,"LINESTRING (-0.7196079 39.4748876, -0.7198456 39.4747554, -0.7199997 39.4746688)",,
186516501,False,,,,residential,,False,39.719,"LINESTRING (-0.7196079 39.4748876, -0.7195178 39.4747176, -0.7195147 39.4747051, -0.7195176 39.4746918, -0.7195242 39.4746827, -0.7196647 39.4745992)",,
150039378,False,,,Calle del Clot,residential,,True,36.938,"LINESTRING (-0.7162082 39.4735319, -0.7162146 39.4735466, -0.7162736 39.4736517, -0.7162859 39.4736658, -0.7162982 39.4736751, -0.7165037 39.4737412)",,
150039357,False,,,,residential,,True,80.08000000000001,"LINESTRING (-0.7171466 39.4715622, -0.7176439 39.4714855, -0.7176689 39.4714879, -0.7176899 39.4714978, -0.7178765 39.4717498)",,
186487169,False,2,CV-3870,Calle del Doctor Nácher,tertiary,50,False,59.852000000000004,"LINESTRING (-0.7171466 39.4715622, -0.7171249 39.4714965, -0.71711 39.4714454, -0.7170519 39.4712604, -0.7170367 39.4712114, -0.7170191 39.4711596, -0.7169973 39.4711109, -0.7169586 39.4710451)",,
"[186487169, 304003571]",False,2,CV-3870,"['Calle del Doctor Nácher', 'Plaza de la Constitución']",tertiary,50,True,145.881,"LINESTRING (-0.7171466 39.4715622, -0.7171658 39.4716165, -0.7171903 39.4716797, -0.7172193 39.4717553, -0.7172525 39.4718331, -0.7172933 39.4719296, -0.7173932 39.4721252, -0.7175065 39.4723825, -0.7175274 39.4724353, -0.7175389 39.4724649, -0.7175606 39.4725212, -0.7175806 39.4725718, -0.7176012 39.4726145, -0.7176218 39.4726454, -0.7176463 39.4726728, -0.7176651 39.4726904, -0.7176769 39.4726998, -0.7176893 39.4727071, -0.7177041 39.4727155, -0.7177178 39.4727219, -0.7177857 39.4727502)",,
150039382,False,,,Calle de Pascual Piquer,residential,,False,5.376,"LINESTRING (-0.7179262 39.4706796, -0.717947 39.4707252)",,
150039382,False,,,Calle de Pascual Piquer,residential,,True,71.128,"LINESTRING (-0.7179262 39.4706796, -0.7178992 39.4706347, -0.7176403 39.4704437, -0.7174396 39.4703163, -0.7174114 39.4702816, -0.7174193 39.4702527, -0.7174349 39.4702118)",,
150039401,False,,,Calle Comunidad Valenciana,residential,,True,68.614,"LINESTRING (-0.7179262 39.4706796, -0.7182305 39.470631, -0.7182712 39.4706292, -0.7183 39.47064, -0.7183219 39.470656, -0.7183373 39.4706768, -0.7184312 39.4709408)",,
150039382,False,,,Calle de Pascual Piquer,residential,,True,5.376,"LINESTRING (-0.717947 39.4707252, -0.7179262 39.4706796)",,
150039374,False,,,Calle Comunidad Valenciana,residential,,True,88.963,"LINESTRING (-0.717947 39.4707252, -0.7174622 39.4707267, -0.7174098 39.4707309, -0.7173538 39.4707427, -0.7172884 39.4707641, -0.7172541 39.470778, -0.7169582 39.4708927)",,
"[186521272, 304003557]",False,,,Calle de Pascual Piquer,residential,,False,149.317,"LINESTRING (-0.717947 39.4707252, -0.7181666 39.471208, -0.7183161 39.4715388, -0.718322 39.4715567, -0.7183234 39.4715813, -0.7183218 39.4716022, -0.7183381 39.4716615, -0.7183501 39.4717126, -0.7183548 39.4717492, -0.7183542 39.4717799, -0.7183376 39.4719633, -0.7183322 39.472016)",,
186516503,False,,,Plaza de la Iglesia,residential,,True,11.888,"LINESTRING (-0.7169659 39.4734593, -0.7169929 39.4734763, -0.7170183 39.473497, -0.7170395 39.4735153, -0.7170575 39.4735384)",,
"[186521272, 304003557]",False,,,Calle de Pascual Piquer,residential,,True,149.317,"LINESTRING (-0.7183322 39.472016, -0.7183376 39.4719633, -0.7183542 39.4717799, -0.7183548 39.4717492, -0.7183501 39.4717126, -0.7183381 39.4716615, -0.7183218 39.4716022, -0.7183234 39.4715813, -0.718322 39.4715567, -0.7183161 39.4715388, -0.7181666 39.471208, -0.717947 39.4707252)",,
150039342,False,,,Calle de la Olivera,residential,,True,123.603,"LINESTRING (-0.7150852 39.4737537, -0.7150726 39.4737809, -0.7150726 39.4738096, -0.7150806 39.4738363, -0.7150988 39.473876, -0.7152226 39.4740162, -0.7152454 39.474039, -0.7152801 39.4740588, -0.7156944 39.4741959, -0.7157178 39.4741942, -0.715734 39.4741827, -0.7157438 39.474171, -0.7157572 39.4741454, -0.7158405 39.4741727, -0.715954 39.4742168, -0.7160057 39.4742276, -0.7160639 39.4742334, -0.7161194 39.4742405, -0.7161563 39.4742501)",,
150039346,False,,,Calle Velázquez,residential,,True,80.464,"LINESTRING (-0.714519 39.4713935, -0.7153106 39.4717811)",,
150039367,False,,,Calle San Juan Bautista,residential,,True,136.929,"LINESTRING (-0.714519 39.4713935, -0.7149518 39.4705695, -0.7149588 39.4705467, -0.7149586 39.470525, -0.7149565 39.4705015, -0.714949 39.470474, -0.71492 39.470413, -0.7148875 39.4703629, -0.7148731 39.4703443, -0.7148586 39.4703149, -0.7148519 39.4702932, -0.7148469 39.4702443)",,
186516516,True,,,Calle San Juan Bautista,residential,,False,90.25399999999999,"LINESTRING (-0.714519 39.4713935, -0.7143426 39.4717387, -0.7141353 39.4721492)",,
150039403,True,,,Calle de Blasco Ibáñez,residential,,False,78.565,"LINESTRING (-0.7141353 39.4721492, -0.7149906 39.4724008)",,
186516516,True,,,Calle San Juan Bautista,residential,,False,213.593,"LINESTRING (-0.7141353 39.4721492, -0.7132002 39.4739293)",,
186516523,True,,,Calle del Pilar,residential,,False,36.628,"LINESTRING (-0.7192263 39.4737201, -0.7192631 39.4737436, -0.7192993 39.4737742, -0.7193624 39.4738418, -0.7194814 39.4739822)",,
150039376,False,,,Calle Enseñanza,residential,,False,26.246,"LINESTRING (-0.7153907 39.4722791, -0.7151084 39.4721884)",,
186520178,False,,,Calle de Santiago Apóstol,residential,,True,35.651,"LINESTRING (-0.7205042 39.4754351, -0.7205002 39.4751145)",,
186516503,False,,,Plaza de la Iglesia,residential,,False,14.181999999999999,"LINESTRING (-0.7170462 39.4737315, -0.7170472 39.473713, -0.7170515 39.4736802, -0.7170714 39.4736457, -0.7171014 39.4736152)",,
186487176,False,2,CV-3850,Avenida del Doctor Corachán,tertiary,50,False,101.944,"LINESTRING (-0.7132002 39.4739293, -0.7120257 39.4740656)",,
186487176,False,2,CV-3850,Avenida del Doctor Corachán,tertiary,50,True,80.221,"LINESTRING (-0.7132002 39.4739293, -0.7133578 39.4739128, -0.7138381 39.4738625, -0.7139304 39.4738449, -0.7140202 39.4738266, -0.7141144 39.4737946)",,
150039361,False,,,Calle Jacinta Frances,residential,,False,65.298,"LINESTRING (-0.7165037 39.4737412, -0.7164231 39.4738225, -0.7162974 39.4739318, -0.7162702 39.4739614, -0.7162502 39.4739913, -0.7161563 39.4742501)",,
150039361,False,,,Calle Jacinta Frances,residential,,True,53.465999999999994,"LINESTRING (-0.7165037 39.4737412, -0.716529 39.4737141, -0.7165551 39.4736935, -0.7165795 39.4736808, -0.7166188 39.4736661, -0.716676 39.4736494, -0.7167484 39.4736304, -0.7168707 39.4735997, -0.7170575 39.4735384)",,
150039378,False,,,Calle del Clot,residential,,False,36.938,"LINESTRING (-0.7165037 39.4737412, -0.7162982 39.4736751, -0.7162859 39.4736658, -0.7162736 39.4736517, -0.7162146 39.4735466, -0.7162082 39.4735319)",,
150039374,False,,,Calle Comunidad Valenciana,residential,,False,88.963,"LINESTRING (-0.7169582 39.4708927, -0.7172541 39.470778, -0.7172884 39.4707641, -0.7173538 39.4707427, -0.7174098 39.4707309, -0.7174622 39.4707267, -0.717947 39.4707252)",,
186513402,False,,,Paseo de Argentina,residential,,False,16.947,"LINESTRING (-0.7169582 39.4708927, -0.7169582 39.4709174, -0.7169583 39.4709403, -0.7169589 39.4709744, -0.7169586 39.4710451)",,
186513402,False,,,Paseo de Argentina,residential,,True,41.203,"LINESTRING (-0.7169582 39.4708927, -0.7169247 39.4708546, -0.7167995 39.4707294, -0.7166633 39.4706005)",,
150039347,False,,,Calle Cunat Cortés,residential,,False,132.638,"LINESTRING (-0.7168809 39.4717214, -0.7168803 39.4716957, -0.7165887 39.471421, -0.7165491 39.4713864, -0.7165095 39.471358, -0.7157548 39.470928)",,
150039361,False,,,Calle Jacinta Frances,residential,,False,53.466,"LINESTRING (-0.7170575 39.4735384, -0.7168707 39.4735997, -0.7167484 39.4736304, -0.716676 39.4736494, -0.7166188 39.4736661, -0.7165795 39.4736808, -0.7165551 39.4736935, -0.716529 39.4737141, -0.7165037 39.4737412)",,
186516503,False,,,Plaza de la Iglesia,residential,,False,11.888,"LINESTRING (-0.7170575 39.4735384, -0.7170395 39.4735153, -0.7170183 39.473497, -0.7169929 39.4734763, -0.7169659 39.4734593)",,
186516503,False,,,Plaza de la Iglesia,residential,,True,9.36,"LINESTRING (-0.7170575 39.4735384, -0.7170803 39.4735715, -0.7170916 39.4735915, -0.7171014 39.4736152)",,
150039402,False,,,Calle San Isidro,residential,,False,203.587,"LINESTRING (-0.7205507 39.4710592, -0.7200094 39.4717899, -0.7198566 39.4719829, -0.7192545 39.472472, -0.7192079 39.4725526)",,
186516523,True,,,Calle del Pilar,residential,,False,16.058,"LINESTRING (-0.7199997 39.4746688, -0.7200658 39.4747411, -0.7201095 39.4747857)",,
150039358,False,,,Calle Cruz de Piedra,residential,,True,52.826,"LINESTRING (-0.7193248 39.4708703, -0.7196301 39.4712828)",,
304003556,False,,,Calle Cruz de Piedra,residential,,True,20.978,"LINESTRING (-0.7193248 39.4708703, -0.7194658 39.4707162)",,
304003556,False,,,Calle Cruz de Piedra,residential,,False,31.983,"LINESTRING (-0.7193248 39.4708703, -0.7191751 39.4710444, -0.7191232 39.4711121)",,
122100191,True,2,CV-3850,Avenida del Doctor Corachán,tertiary,50,False,15.875,"LINESTRING (-0.7150373 39.4723202, -0.7151084 39.4721884)",,
150039387,True,,,Calle de San Miguel,residential,,False,164.93299999999996,"LINESTRING (-0.7150373 39.4723202, -0.7151004 39.4723395, -0.7151404 39.4723557, -0.7151597 39.4723718, -0.7152971 39.4727158, -0.7153165 39.4727685, -0.7153255 39.4728084, -0.7153353 39.4729148, -0.7153443 39.4730353, -0.7153455 39.4731477, -0.7153516 39.4732245, -0.7153553 39.4732725, -0.7153658 39.473324, -0.7153772 39.4733652, -0.7153955 39.4734007, -0.7154329 39.4734395, -0.7155587 39.4735786, -0.7156302 39.4736662)",,
150039379,True,,,Avenida del Reino de Valencia,residential,,False,111.733,"LINESTRING (-0.7191408 39.470278, -0.7195182 39.4701423, -0.7197966 39.4700356, -0.7198846 39.4699928, -0.7199635 39.4699548, -0.7201433 39.4698448, -0.720154 39.4698094, -0.720099 39.469744)",,
150077213,False,,,Calle Guillem de Castro,residential,,False,56.147000000000006,"LINESTRING (-0.7191408 39.470278, -0.7192447 39.4704181, -0.719322 39.4705224, -0.7194658 39.4707162)",,
122100215,False,2,,Avenida del Reino de Valencia,primary,50,True,12.729,"LINESTRING (-0.7174349 39.4702118, -0.7175767 39.4702453)",,
122100215,False,2,,Avenida del Reino de Valencia,primary,50,False,138.462,"LINESTRING (-0.7174349 39.4702118, -0.7171951 39.470144, -0.7168947 39.4700126, -0.7166139 39.4698431, -0.7161563 39.4694803)",,
150039382,False,,,Calle de Pascual Piquer,residential,,False,71.128,"LINESTRING (-0.7174349 39.4702118, -0.7174193 39.4702527, -0.7174114 39.4702816, -0.7174396 39.4703163, -0.7176403 39.4704437, -0.7178992 39.4706347, -0.7179262 39.4706796)",,
150039346,False,,,Calle Velázquez,residential,,False,80.464,"LINESTRING (-0.7153106 39.4717811, -0.714519 39.4713935)",,
150036316,True,2,CV-3850,Avenida del Doctor Corachán,tertiary,50,False,102.237,"LINESTRING (-0.7153106 39.4717811, -0.7153937 39.4716215, -0.7155836 39.4712568, -0.7157548 39.470928)",,
186520191,False,,CV-379,Carretera de Chiva a Gestalgar,tertiary,60,True,23.467,"LINESTRING (-0.7234908 39.4760548, -0.7234308 39.4758489)",,
122100215,False,2,,Avenida del Reino de Valencia,primary,50,True,138.462,"LINESTRING (-0.7161563 39.4694803, -0.7166139 39.4698431, -0.7168947 39.4700126, -0.7171951 39.470144, -0.7174349 39.4702118)",,
150077198,False,,,,residential,,True,39.213,"LINESTRING (-0.7161563 39.4694803, -0.7159694 39.469772, -0.7159433 39.4697903)",,
719482751,False,,,Calle Pedro Alcarria,residential,,False,27.645000000000003,"LINESTRING (-0.7163603 39.4690727, -0.7164183 39.4691064, -0.7166276 39.4692112)",,
150077198,False,,,,residential,,False,39.974999999999994,"LINESTRING (-0.7154846 39.4698317, -0.7156894 39.4698161, -0.7159 39.4698081, -0.7159433 39.4697903)",,
150077189,False,,,"Calle Subida al Castillo,",residential,,False,29.783,"LINESTRING (-0.7168578 39.4703787, -0.7166633 39.4706005)",,
150077189,False,,,"Calle Subida al Castillo,",residential,,True,18.045,"LINESTRING (-0.7168578 39.4703787, -0.7169733 39.4702431)",,
150077211,False,,,"Calle Subida al Castillo,",residential,,True,104.029,"LINESTRING (-0.7168578 39.4703787, -0.716788 39.4703122, -0.7166855 39.470214, -0.7165878 39.4701248, -0.7164948 39.4700358, -0.7164749 39.4700243, -0.7164503 39.4700153, -0.7164105 39.4700027, -0.7163305 39.469974, -0.7162584 39.4699459, -0.7161846 39.4699128, -0.7161068 39.4698736, -0.7159433 39.4697903)",,
150077189,False,,,"Calle Subida al Castillo,",residential,,False,18.045,"LINESTRING (-0.7169733 39.4702431, -0.7168578 39.4703787)",,
150077198,False,,,,residential,,False,39.213,"LINESTRING (-0.7159433 39.4697903, -0.7159694 39.469772, -0.7161563 39.4694803)",,
150077198,False,,,,residential,,True,39.975,"LINESTRING (-0.7159433 39.4697903, -0.7159 39.4698081, -0.7156894 39.4698161, -0.7154846 39.4698317)",,
150077211,False,,,"Calle Subida al Castillo,",residential,,False,104.029,"LINESTRING (-0.7159433 39.4697903, -0.7161068 39.4698736, -0.7161846 39.4699128, -0.7162584 39.4699459, -0.7163305 39.469974, -0.7164105 39.4700027, -0.7164503 39.4700153, -0.7164749 39.4700243, -0.7164948 39.4700358, -0.7165878 39.4701248, -0.7166855 39.470214, -0.716788 39.4703122, -0.7168578 39.4703787)",,
150077211,False,,,"Calle Subida al Castillo,",residential,,True,65.727,"LINESTRING (-0.7159433 39.4697903, -0.7159163 39.4697665, -0.7156462 39.4696241, -0.7156311 39.4696091, -0.7156197 39.469589, -0.7156226 39.4695745, -0.7156352 39.469554, -0.7156449 39.4695312, -0.7156526 39.4694955, -0.7156593 39.4694658, -0.7156593 39.4694421, -0.7156478 39.4693278)",,
150077188,False,,,Calle Pedro Alcarria,residential,,True,88.305,"LINESTRING (-0.7166276 39.4692112, -0.7167023 39.4692064, -0.7167367 39.469207, -0.7167882 39.469223, -0.7168339 39.4692402, -0.7168938 39.4692729, -0.7171637 39.4694238, -0.7173541 39.4695191, -0.71749 39.4696096)",,
719482751,False,,,Calle Pedro Alcarria,residential,,False,153.533,"LINESTRING (-0.7166276 39.4692112, -0.7168197 39.4693131, -0.7169437 39.469392, -0.7170677 39.4694829, -0.7171788 39.4695752, -0.7173401 39.4697089, -0.7174916 39.4698437, -0.717681 39.4700095, -0.7177512 39.4700656, -0.7178839 39.4701866)",,
719482751,False,,,Calle Pedro Alcarria,residential,,True,27.645000000000003,"LINESTRING (-0.7166276 39.4692112, -0.7164183 39.4691064, -0.7163603 39.4690727)",,
150077188,False,,,Calle Pedro Alcarria,residential,,False,88.30499999999999,"LINESTRING (-0.71749 39.4696096, -0.7173541 39.4695191, -0.7171637 39.4694238, -0.7168938 39.4692729, -0.7168339 39.4692402, -0.7167882 39.469223, -0.7167367 39.469207, -0.7167023 39.4692064, -0.7166276 39.4692112)",,
122100215,False,2,,Avenida del Reino de Valencia,primary,50,False,12.729,"LINESTRING (-0.7175767 39.4702453, -0.7174349 39.4702118)",,
441629170,True,,,Avenida del Reino de Valencia,primary,,False,22.188999999999997,"LINESTRING (-0.7175767 39.4702453, -0.717661 39.4702679, -0.7177329 39.4702906, -0.7177722 39.4703075, -0.7178103 39.4703282)",,
150031932,True,,,,primary,,False,9.701,"LINESTRING (-0.7178415 39.4702511, -0.7178245 39.4702626, -0.7178121 39.4702772, -0.7178054 39.4702938, -0.7178047 39.4703113, -0.7178103 39.4703282)",,roundabout
186487202,True,,,Avenida del Reino de Valencia,primary,,False,22.779,"LINESTRING (-0.7178415 39.4702511, -0.7178093 39.4702514, -0.7177421 39.4702535, -0.7176712 39.4702529, -0.7175767 39.4702453)",,
122100212,True,,,Calle Alcalde Rafael Higón,residential,,False,54.612,"LINESTRING (-0.7121542 39.4685429, -0.7121703 39.4687979, -0.7121839 39.4690335)",,
"[186513404, 122100167]",False,,,"['Calle Médico Marcial Bernat', 'Calle Gregorio Ordóñez']",residential,,True,146.952,"LINESTRING (-0.7121542 39.4685429, -0.7129473 39.4685058, -0.7133272 39.4687397, -0.7133566 39.4687615, -0.7136384 39.4689704)",,
122100159,False,2,CV-3870,Calle del Doctor Nácher,tertiary,50,False,49.81,"LINESTRING (-0.7128581 39.4703206, -0.7134375 39.4702959)",,
122100159,False,2,CV-3870,Calle del Doctor Nácher,tertiary,50,True,52.723,"LINESTRING (-0.7128581 39.4703206, -0.7122446 39.4703435)",,
122100165,True,,,Calle Rafael Lacalle,residential,,False,9.574,"LINESTRING (-0.7128581 39.4703206, -0.7128573 39.4702345)",,
122100170,True,,,Calle de Ernest Lluch,residential,,False,51.798,"LINESTRING (-0.7121839 39.4690335, -0.7127864 39.4690077)",,
122100212,True,,,Calle Alcalde Rafael Higón,residential,,False,42.762,"LINESTRING (-0.7121839 39.4690335, -0.7122058 39.4694177)",,
122100167,False,,,Calle Médico Marcial Bernat,residential,,False,45.614999999999995,"LINESTRING (-0.7148703 39.4698684, -0.7147301 39.4697815, -0.7146611 39.4697835, -0.7145913 39.4697462, -0.7144572 39.4696341)",,
150036313,False,,,Calle del Ejército Español,residential,,False,48.974999999999994,"LINESTRING (-0.7148703 39.4698684, -0.7151378 39.4701532, -0.7151607 39.4701908, -0.7151664 39.4702377)",,
150036313,False,,,Calle del Ejército Español,residential,,True,49.394999999999996,"LINESTRING (-0.7148703 39.4698684, -0.7148515 39.4697321, -0.7146981 39.4694487)",,
150036323,False,,,Calle Pintor Sorolla,residential,,False,15.914,"LINESTRING (-0.7149476 39.4693691, -0.7151181 39.4693129)",,
150036323,False,,,Calle Pintor Sorolla,residential,,True,23.174,"LINESTRING (-0.7149476 39.4693691, -0.7146981 39.4694487)",,
186513406,False,,,Calle Pintor Sorolla,residential,,False,46.631,"LINESTRING (-0.7149476 39.4693691, -0.7147778 39.4690681, -0.7147509 39.4690364, -0.7147054 39.4689965)",,
186516501,False,,,,residential,,True,39.718999999999994,"LINESTRING (-0.7196647 39.4745992, -0.7195242 39.4746827, -0.7195176 39.4746918, -0.7195147 39.4747051, -0.7195178 39.4747176, -0.7196079 39.4748876)",,
186516520,False,,,Calle de Cervantes,residential,,False,66.389,"LINESTRING (-0.7202462 39.4747478, -0.7202201 39.4746314, -0.7200448 39.474172)",,
656109831,True,,,,residential,,False,19.575,"LINESTRING (-0.7202462 39.4747478, -0.7202317 39.4747288, -0.7202089 39.4747156, -0.7201812 39.4747103, -0.7201531 39.4747135, -0.7201286 39.4747248, -0.7201118 39.4747426, -0.7201051 39.474764, -0.7201095 39.4747857)",,roundabout
186516505,True,,,Calle de Lepanto,residential,,False,18.38,"LINESTRING (-0.7202886 39.4749322, -0.7202501 39.4747696)",,
186516522,False,,,Calle de Lepanto,residential,,False,27.708999999999996,"LINESTRING (-0.7202886 39.4749322, -0.7203334 39.4749934, -0.7203611 39.4750268, -0.7203925 39.4750528, -0.7204477 39.4750881, -0.7205002 39.4751145)",,
150039342,False,,,Calle de la Olivera,residential,,False,85.02799999999998,"LINESTRING (-0.7166973 39.4748743, -0.7166439 39.4748016, -0.7165811 39.4747075, -0.7165226 39.4746383, -0.7163963 39.474517, -0.7163804 39.474494, -0.7163684 39.4744635, -0.716353 39.474413, -0.7163431 39.4743878, -0.7163345 39.4743745, -0.7163229 39.4743617, -0.7162995 39.4743477, -0.716191 39.4742759, -0.7161563 39.4742501)",,
656109831,True,,,,residential,,False,2.447,"LINESTRING (-0.7202501 39.4747696, -0.7202462 39.4747478)",,roundabout
1197758709,False,,CV-379,Avenida de la Estación,tertiary,50,False,47.379,"LINESTRING (-0.722756 39.4719565, -0.7227395 39.4723824)",,
1197758709,False,,CV-379,Avenida de la Estación,tertiary,50,True,38.614,"LINESTRING (-0.722756 39.4719565, -0.7227734 39.4716095)",,
186520198,True,,,Calle Miguel Hernández,residential,,False,75.384,"LINESTRING (-0.7222634 39.4697941, -0.7230538 39.4700896)",,
186520199,False,2,CV-3870,Avenida de Ramón y Cajal,tertiary,50,False,42.683,"LINESTRING (-0.7222634 39.4697941, -0.7221596 39.4699669, -0.7220581 39.4701437)",,
186520199,False,2,CV-3870,Avenida de Ramón y Cajal,tertiary,50,True,41.260000000000005,"LINESTRING (-0.7222634 39.4697941, -0.7223639 39.4696331, -0.7224698 39.469459)",,
150031005,False,2,CV-3870,Avenida de Ramón y Cajal,tertiary,50,False,3.57,"LINESTRING (-0.7197218 39.4725979, -0.7196808 39.4726033)",,
150031005,False,2,CV-3870,Avenida de Ramón y Cajal,tertiary,50,True,267.48900000000003,"LINESTRING (-0.7197218 39.4725979, -0.7197577 39.4725851, -0.7197923 39.4725719, -0.719828 39.472553, -0.7201222 39.4722979, -0.7204731 39.4720003, -0.7213475 39.4712649, -0.7213864 39.4712283, -0.721418 39.4711921, -0.7214558 39.4711411, -0.721536 39.4710165, -0.7216938 39.4707635)",,
150039341,True,,,Calle de Cervantes,residential,,False,73.399,"LINESTRING (-0.7197218 39.4725979, -0.719768 39.4726139, -0.7198996 39.4726596, -0.7199172 39.4726691, -0.7199253 39.4726846, -0.7199197 39.4727041, -0.719716 39.4729171, -0.7197107 39.4729341, -0.7197089 39.4729511, -0.719716 39.4729915, -0.7197336 39.473107)",,
150033348,False,,,Calle Jesús Navarro,residential,,True,99.177,"LINESTRING (-0.7213104 39.4718335, -0.7223473 39.472227)",,
150033347,False,,,Calle Domingo Vela,residential,,True,38.767,"LINESTRING (-0.7209939 39.4723122, -0.7213982 39.4724676)",,
1161295859,False,,CV-3870,Avenida de Ramón y Cajal,tertiary,,False,38.347,"LINESTRING (-0.7232098 39.4681982, -0.7230268 39.4685128)",,
186520196,True,,,,tertiary_link,,False,12.769,"LINESTRING (-0.7232098 39.4681982, -0.7231861 39.468193, -0.7231622 39.468178, -0.7231459 39.46816, -0.7231215 39.4681136)",,
150039344,False,,,Plaza del Doctor Fleming,residential,,True,35.827999999999996,"LINESTRING (-0.7174125 39.4734026, -0.7173227 39.4734633, -0.7172595 39.4735082, -0.7172199 39.4735281, -0.717177 39.4735506, -0.7171384 39.4735792, -0.7171014 39.4736152)",,
"[186516515, 186516508, 186516511]",True,,,"['Calle Enrique Ponce', 'Calle de Buñol']",residential,,False,249.71599999999998,"LINESTRING (-0.7174125 39.4734026, -0.717519 39.4734689, -0.7176019 39.4735093, -0.7177201 39.4735551, -0.7178245 39.4736027, -0.7179835 39.4736883, -0.7180981 39.4735508, -0.7181233 39.4735263, -0.71816 39.4734977, -0.7182184 39.4734552, -0.7182746 39.473417, -0.7184552 39.4733085, -0.7185178 39.4732735, -0.7188827 39.4730812, -0.7193297 39.4728483, -0.7194433 39.4727913, -0.719491 39.4727687, -0.7195314 39.4727446, -0.719579 39.4727124, -0.7196061 39.4726878, -0.7196808 39.4726033)",yes,
186520199,False,2,CV-3870,Avenida de Ramón y Cajal,tertiary,50,False,41.839,"LINESTRING (-0.7220581 39.4701437, -0.7219625 39.470313, -0.7218578 39.4704867)",,
186520199,False,2,CV-3870,Avenida de Ramón y Cajal,tertiary,50,True,42.683,"LINESTRING (-0.7220581 39.4701437, -0.7221596 39.4699669, -0.7222634 39.4697941)",,
150033350,True,,,Calle de Santiago Apóstol,residential,,False,41.442,"LINESTRING (-0.7225649 39.4718943, -0.7223473 39.472227)",,
186520187,True,,,Calle de Santiago Apóstol,residential,,False,17.801000000000002,"LINESTRING (-0.7225649 39.4718943, -0.7226658 39.4719271, -0.722756 39.4719565)",,
1161295858,False,2,CV-421,Carretera de Turís a Chiva,tertiary,50,False,45.620000000000005,"LINESTRING (-0.7231215 39.4681136, -0.7230904 39.4681937, -0.723065 39.4682611, -0.7230442 39.4683232, -0.7230242 39.4683871, -0.7230171 39.4684396, -0.7230192 39.4684831, -0.7230268 39.4685128)",,
186520199,False,2,CV-3870,Avenida de Ramón y Cajal,tertiary,50,True,48.276,"LINESTRING (-0.7224698 39.469459, -0.7227015 39.4690634)",,
186520199,False,2,CV-3870,Avenida de Ramón y Cajal,tertiary,50,False,41.260000000000005,"LINESTRING (-0.7224698 39.469459, -0.7223639 39.4696331, -0.7222634 39.4697941)",,
186520199,False,2,CV-3870,Avenida de Ramón y Cajal,tertiary,50,False,48.276,"LINESTRING (-0.7227015 39.4690634, -0.7224698 39.469459)",,
186520199,False,2,CV-3870,Avenida de Ramón y Cajal,tertiary,50,True,67.291,"LINESTRING (-0.7227015 39.4690634, -0.7230268 39.4685128)",,
150033570,True,,,Avenida de la Estación,residential,,False,84.16499999999999,"LINESTRING (-0.7227015 39.4690634, -0.722742 39.4690778, -0.7228074 39.4691056, -0.7228847 39.4691375, -0.7229679 39.4691727, -0.7230073 39.4691941, -0.7230333 39.4692343, -0.7230499 39.4692774, -0.7230634 39.4693295, -0.723077 39.4694596, -0.7230749 39.4696728)",,
186520179,True,,,Calle de los Santos Medios,residential,,False,57.123,"LINESTRING (-0.7230749 39.4696728, -0.7224698 39.469459)",,
150033570,True,,,Avenida de la Estación,residential,,False,46.387,"LINESTRING (-0.7230749 39.4696728, -0.7230716 39.4697618, -0.7230686 39.4698776, -0.7230613 39.469977, -0.7230538 39.4700896)",,
150033570,True,,,Avenida de la Estación,residential,,False,43.39,"LINESTRING (-0.7230538 39.4700896, -0.7230388 39.470283, -0.7230301 39.4703235, -0.7230034 39.4704001, -0.7229676 39.470471)",,
719482751,False,,,Calle Pedro Alcarria,residential,,True,153.53300000000002,"LINESTRING (-0.7178839 39.4701866, -0.7177512 39.4700656, -0.717681 39.4700095, -0.7174916 39.4698437, -0.7173401 39.4697089, -0.7171788 39.4695752, -0.7170677 39.4694829, -0.7169437 39.469392, -0.7168197 39.4693131, -0.7166276 39.4692112)",,
1115466667,True,1,,Calle Pedro Alcarria,residential,,False,7.1850000000000005,"LINESTRING (-0.7178839 39.4701866, -0.7178649 39.4702228, -0.7178525 39.4702465)",,
304003556,False,,,Calle Cruz de Piedra,residential,,False,80.207,"LINESTRING (-0.719661 39.4701595, -0.7196886 39.4702202, -0.7197056 39.470246, -0.7197247 39.4702698, -0.7198463 39.4703902, -0.719849 39.4704121, -0.7198384 39.4704297, -0.7194658 39.4707162)",,
186520199,False,2,CV-3870,Avenida de Ramón y Cajal,tertiary,50,False,33.845,"LINESTRING (-0.7218578 39.4704867, -0.7216938 39.4707635)",,
558889102,False,,,,residential,,False,45.054,"LINESTRING (-0.7218578 39.4704867, -0.7213758 39.4703263)",,
186520199,False,2,CV-3870,Avenida de Ramón y Cajal,tertiary,50,True,41.839,"LINESTRING (-0.7218578 39.4704867, -0.7219625 39.470313, -0.7220581 39.4701437)",,
558889102,False,,,,residential,,True,45.054,"LINESTRING (-0.7213758 39.4703263, -0.7218578 39.4704867)",,
656109831,True,,,,residential,,False,14.397,"LINESTRING (-0.7201249 39.4748048, -0.7201487 39.4748177, -0.7201771 39.4748223, -0.7202057 39.474818, -0.7202281 39.4748066, -0.7202436 39.4747897, -0.7202501 39.4747696)",,roundabout
"[186516505, 725354366]",True,,,"['Calle de Lepanto', 'Calle del Pilar']",residential,,False,19.958,"LINESTRING (-0.7201249 39.4748048, -0.7201892 39.4748577, -0.7202886 39.4749322)",,
656109831,True,,,,residential,,False,2.502,"LINESTRING (-0.7201095 39.4747857, -0.7201249 39.4748048)",,roundabout
150033347,False,,,Calle Domingo Vela,residential,,False,38.767,"LINESTRING (-0.7213982 39.4724676, -0.7209939 39.4723122)",,
150033347,False,,,Calle Domingo Vela,residential,,True,37.633,"LINESTRING (-0.7213982 39.4724676, -0.7217896 39.4726201)",,
656118122,False,,,Calle Jose Pallerola,residential,,True,74.525,"LINESTRING (-0.7213982 39.4724676, -0.72101 39.4730671)",,
656118122,False,,,Calle Jose Pallerola,residential,,False,74.525,"LINESTRING (-0.72101 39.4730671, -0.7213982 39.4724676)",,
1210832728,False,,,Calle Virgen de los Desamparados,residential,,True,37.873,"LINESTRING (-0.72101 39.4730671, -0.7214021 39.4732233)",,
"[1210832728, 186520197]",False,,,"['Calle Cerrito', 'Calle Virgen de los Desamparados']",residential,,False,52.108,"LINESTRING (-0.72101 39.4730671, -0.7209827 39.4730565, -0.7209444 39.4730395, -0.7209189 39.4730317, -0.7208902 39.4730294, -0.7207767 39.4730362, -0.720655 39.4730433, -0.720506 39.4730529, -0.7204156 39.4730581)",,
150033347,False,,,Calle Domingo Vela,residential,,False,37.633,"LINESTRING (-0.7217896 39.4726201, -0.7213982 39.4724676)",,
150033347,False,,,Calle Domingo Vela,residential,,True,24.148,"LINESTRING (-0.7217896 39.4726201, -0.7220424 39.4727154)",,
656118123,False,,,Calle Severo Ochoa,residential,,True,74.867,"LINESTRING (-0.7217896 39.4726201, -0.7216081 39.4729047, -0.7214021 39.4732233)",,
1210832726,False,,,Calle Virgen de los Desamparados,residential,,True,24.07,"LINESTRING (-0.7214021 39.4732233, -0.7216524 39.4733209)",,
1210832728,False,,,Calle Virgen de los Desamparados,residential,,False,37.873,"LINESTRING (-0.7214021 39.4732233, -0.72101 39.4730671)",,
656118123,False,,,Calle Severo Ochoa,residential,,False,74.867,"LINESTRING (-0.7214021 39.4732233, -0.7216081 39.4729047, -0.7217896 39.4726201)",,
186521270,True,1,,Calle Pedro Alcarria,residential,,False,8.574,"LINESTRING (-0.7179349 39.4702529, -0.7178839 39.4701866)",,
150031932,True,,,,primary,,False,7.427000000000001,"LINESTRING (-0.7179349 39.4702529, -0.7179159 39.470245, -0.7178948 39.4702411, -0.7178732 39.4702416, -0.7178525 39.4702465)",,roundabout
150031932,True,,,,primary,,False,6.86,"LINESTRING (-0.7178685 39.4703662, -0.7178884 39.4703677, -0.7179082 39.4703655, -0.7179267 39.4703597, -0.7179428 39.4703506)",,roundabout
150039379,True,,,Avenida del Reino de Valencia,residential,,False,113.369,"LINESTRING (-0.7178685 39.4703662, -0.7179137 39.470387, -0.7179443 39.4704019, -0.7179893 39.4704177, -0.7180451 39.4704295, -0.7181151 39.4704356, -0.7182726 39.4704341, -0.7184533 39.4704233, -0.7185551 39.4704155, -0.7186425 39.4704039, -0.7187181 39.4703878, -0.7189114 39.4703402, -0.7190333 39.4703081, -0.7191408 39.470278)",,
304003556,False,,,Calle Cruz de Piedra,residential,,True,31.983,"LINESTRING (-0.7191232 39.4711121, -0.7191751 39.4710444, -0.7193248 39.4708703)",,
150077211,False,,,"Calle Subida al Castillo,",residential,,False,65.727,"LINESTRING (-0.7156478 39.4693278, -0.7156593 39.4694421, -0.7156593 39.4694658, -0.7156526 39.4694955, -0.7156449 39.4695312, -0.7156352 39.469554, -0.7156226 39.4695745, -0.7156197 39.469589, -0.7156311 39.4696091, -0.7156462 39.4696241, -0.7159163 39.4697665, -0.7159433 39.4697903)",,
