osmid,lanes,ref,name,highway,maxspeed,oneway,reversed,length,geometry,bridge
1136693050,2,40,いろは通り,primary,40,False,False,24.669,"LINESTRING (139.58365 35.837093, 139.5838929 35.8371952)",
186553607,2,36;40,いろは通り,primary,40,False,True,82.53,"LINESTRING (139.58365 35.837093, 139.5834368 35.8369894, 139.5832572 35.8368963, 139.5830905 35.8368175, 139.5829664 35.836772, 139.5828529 35.8367303)",
"[472860896, 473015576, 472860890, 472860892, 472879069, 472860894, 472879071]",2,36,宿通り,primary,40,False,True,267.70900000000006,"LINESTRING (139.58365 35.837093, 139.5835188 35.8373795, 139.5834273 35.8376081, 139.5833548 35.8378074, 139.5833459 35.8378318, 139.5833075 35.8379447, 139.5832213 35.8381606, 139.5831853 35.8382758, 139.5831725 35.8383239, 139.583158 35.8383783, 139.5831516 35.8384024, 139.5831251 35.8385397, 139.5831048 35.8386941, 139.5830989 35.8388086, 139.5830982 35.8389199, 139.5831033 35.8390821, 139.5831197 35.8392821, 139.5831342 35.8394348)",
118033426,,,,unclassified,,False,True,36.086,"LINESTRING (139.574232 35.838853, 139.5741419 35.8391692)",
118033500,,,,unclassified,,False,True,4.81,"LINESTRING (139.574232 35.838853, 139.574282 35.8388379)",
118033086,,,,unclassified,,False,False,16.221,"LINESTRING (139.574232 35.838853, 139.5741223 35.8388682, 139.5740537 35.8388704)",
118033314,,,,residential,,False,False,26.868,"LINESTRING (139.5745476 35.8400162, 139.5744809 35.8402517)",
118033314,,,,residential,,False,True,17.667,"LINESTRING (139.5745476 35.8400162, 139.5745933 35.8398617)",
224331197,,,,residential,,False,False,57.82,"LINESTRING (139.5745476 35.8400162, 139.5751721 35.8401349)",
118033300,,,,residential,,False,True,55.066,"LINESTRING (139.5760875 35.8391333, 139.5754925 35.8390211)",
118033373,,,,residential,,False,False,0.661,"LINESTRING (139.5760875 35.8391333, 139.5760859 35.8391391)",
118033373,,,,residential,,False,True,18.85,"LINESTRING (139.5760875 35.8391333, 139.5761339 35.838968)",
118033713,,,,unclassified,,False,False,61.05,"LINESTRING (139.5795156 35.838099, 139.5801901 35.8381485)",
118033272,,,,unclassified,,False,True,40.614,"LINESTRING (139.5795156 35.838099, 139.5794727 35.8382556, 139.5794136 35.8383947, 139.5793872 35.8384483)",
118033713,,,,unclassified,,False,True,140.48299999999998,"LINESTRING (139.5795156 35.838099, 139.5789524 35.8381762, 139.5786291 35.8382002, 139.5782335 35.8382382, 139.57797 35.8382542)",
118033272,,,,unclassified,,False,False,19.26,"LINESTRING (139.5790538 35.8389095, 139.5791821 35.838771)",
224326888,,,,residential,,False,False,22.04,"LINESTRING (139.5790538 35.8389095, 139.5792756 35.8389929)",
118033272,,,,unclassified,,False,True,23.591,"LINESTRING (139.5790538 35.8389095, 139.5789277 35.8390156, 139.5788831 35.8390694)",
1162958652,2,266,ふじみ野朝霞線,secondary,40,False,False,62.659000000000006,"LINESTRING (139.5762709 35.8397567, 139.5761919 35.839807, 139.5760076 35.8399086, 139.5756963 35.8400734)",
1162958652,2,266,ふじみ野朝霞線,secondary,40,False,True,41.455,"LINESTRING (139.5762709 35.8397567, 139.5763794 35.8396746, 139.5764716 35.839599, 139.5765938 35.8394915)",
1207595925,,,,unclassified,,False,True,31.722,"LINESTRING (139.5762709 35.8397567, 139.5762171 35.8397319, 139.5759339 35.8396812)",
118033251,,,,unclassified,,False,True,35.877,"LINESTRING (139.5762033 35.8387205, 139.5765961 35.8387725)",
118033373,,,,residential,,False,False,28.223,"LINESTRING (139.5762033 35.8387205, 139.5761339 35.838968)",
118033721,,,,unclassified,,False,False,22.687,"LINESTRING (139.5762033 35.8387205, 139.5759552 35.8386862)",
118033085,,,,unclassified,,False,True,27.057,"LINESTRING (139.5746419 35.8387442, 139.574929 35.8386732)",
118033500,,,,unclassified,,False,False,6.378,"LINESTRING (139.5746419 35.8387442, 139.5745748 35.8387624)",
118033454,,,,residential,,False,False,29.651,"LINESTRING (139.5746419 35.8387442, 139.5745638 35.8385139, 139.5745626 35.8384861)",
118033457,,,,residential,,False,False,49.141,"LINESTRING (139.5785667 35.8395418, 139.5785737 35.8390999)",
224326908,,,,residential,,False,True,25.039,"LINESTRING (139.5785667 35.8395418, 139.5788433 35.8395211)",
1266828125,,,,residential,,False,True,12.958,"LINESTRING (139.5785667 35.8395418, 139.5785336 35.8396552)",
118033145,,,,residential,,False,False,69.898,"LINESTRING (139.5775839 35.8390412, 139.5773644 35.8396441)",
118033318,,,,unclassified,,False,False,20.206,"LINESTRING (139.5775839 35.8390412, 139.5777295 35.8390413, 139.5778078 35.8390362)",
118033318,,,,unclassified,,False,True,38.089,"LINESTRING (139.5775839 35.8390412, 139.5774078 35.8390123, 139.577307 35.8389824, 139.5771882 35.8389295)",
1162958652,2,266,ふじみ野朝霞線,secondary,40,False,False,20.633,"LINESTRING (139.5743427 35.8408193, 139.574151 35.8409207)",
1162958652,2,266,ふじみ野朝霞線,secondary,40,False,True,86.092,"LINESTRING (139.5743427 35.8408193, 139.5751328 35.8403843)",
118033314,,,,residential,,False,True,18.662,"LINESTRING (139.5743427 35.8408193, 139.5743369 35.8407504, 139.5743623 35.8406538)",
224331184,,,,residential,,False,False,102.181,"LINESTRING (139.5743427 35.8408193, 139.5747306 35.8413623, 139.5745271 35.8414343, 139.574457 35.8413384)",
118033318,,,,unclassified,,False,False,26.803,"LINESTRING (139.5782818 35.839054, 139.5785737 35.8390999)",
118033318,,,,unclassified,,False,True,22.956,"LINESTRING (139.5782818 35.839054, 139.5780833 35.839034, 139.5780289 35.8390299)",
224326884,,,,residential,,False,True,56.980000000000004,"LINESTRING (139.5782818 35.839054, 139.5781975 35.8393089, 139.5781226 35.8395499)",
118033318,,,,unclassified,,False,False,22.867,"LINESTRING (139.5785737 35.8390999, 139.5788198 35.8391498)",
118033318,,,,unclassified,,False,True,26.803,"LINESTRING (139.5785737 35.8390999, 139.5782818 35.839054)",
118033457,,,,residential,,False,True,49.141,"LINESTRING (139.5785737 35.8390999, 139.5785667 35.8395418)",
118033080,,,,residential,,False,False,29.623,"LINESTRING (139.5773644 35.8396441, 139.5770491 35.839569)",
118033080,,,,residential,,False,True,33.379,"LINESTRING (139.5773644 35.8396441, 139.5777204 35.8397267)",
118033145,,,,residential,,False,True,69.898,"LINESTRING (139.5773644 35.8396441, 139.5775839 35.8390412)",
118033085,,,,unclassified,,False,False,27.057,"LINESTRING (139.574929 35.8386732, 139.5746419 35.8387442)",
118033314,,,,residential,,False,False,26.0,"LINESTRING (139.574929 35.8386732, 139.5748629 35.8389008)",
118033450,,,,unclassified,,False,True,62.241,"LINESTRING (139.574929 35.8386732, 139.575238 35.8385993, 139.5756023 35.8386432)",
118033300,,,,residential,,False,False,55.066,"LINESTRING (139.5754925 35.8390211, 139.5760875 35.8391333)",
118033300,,,,residential,,False,True,58.309,"LINESTRING (139.5754925 35.8390211, 139.5748629 35.8389008)",
118033418,,,,unclassified,,False,True,18.377,"LINESTRING (139.5754925 35.8390211, 139.5754419 35.8391812)",
118033505,,,,unclassified,,False,True,19.704,"LINESTRING (139.5754925 35.8390211, 139.5755425 35.8388486)",
118033080,,,,residential,,False,False,33.849,"LINESTRING (139.5784332 35.8399366, 139.5780806 35.8398319)",
118033322,,,,residential,,False,False,27.549,"LINESTRING (139.5784332 35.8399366, 139.5785181 35.8396986)",
118033322,,,,residential,,False,True,30.313,"LINESTRING (139.5784332 35.8399366, 139.5783349 35.8401973)",
1257054524,,,,residential,,False,True,92.062,"LINESTRING (139.5784332 35.8399366, 139.5794136 35.8401686)",
118033262,,,,residential,,False,False,4.941,"LINESTRING (139.5773697 35.8407392, 139.5773719 35.8407836)",
118033262,,,,residential,,False,True,11.315,"LINESTRING (139.5773697 35.8407392, 139.577374 35.8406375)",
555747306,,,,residential,,False,False,40.896,"LINESTRING (139.5773697 35.8407392, 139.5769694 35.8405661)",
118033262,,,,residential,,False,False,15.558,"LINESTRING (139.5773873 35.840498, 139.577374 35.8406375)",
224326902,,,,residential,,False,False,73.211,"LINESTRING (139.5773873 35.840498, 139.5781505 35.8407232)",
118033262,,,,residential,,False,True,30.878,"LINESTRING (139.5773873 35.840498, 139.5774084 35.840349, 139.5774395 35.8402238)",
224326908,,,,residential,,False,False,12.463,"LINESTRING (139.5799675 35.8387758, 139.5798978 35.8388726)",
224326908,,,,residential,,False,True,15.885,"LINESTRING (139.5799675 35.8387758, 139.5800378 35.8386448)",
1264448717,,,,unclassified,,False,True,10.266,"LINESTRING (139.5799675 35.8387758, 139.5800775 35.8387997)",
118033080,,,,residential,,False,True,29.623,"LINESTRING (139.5770491 35.839569, 139.5773644 35.8396441)",
118033080,,,,residential,,False,False,39.385999999999996,"LINESTRING (139.5770491 35.839569, 139.5768463 35.8395205, 139.5766349 35.8394569)",
224326905,,,,residential,,False,False,56.897999999999996,"LINESTRING (139.5770491 35.839569, 139.5771371 35.8393143, 139.5768432 35.8392484)",
118033418,,,,unclassified,,False,False,17.295,"LINESTRING (139.5753499 35.8394988, 139.5753928 35.8393472)",
118033418,,,,unclassified,,False,True,18.455,"LINESTRING (139.5753499 35.8394988, 139.5753043 35.8396606)",
224331207,,,,residential,,False,False,55.833,"LINESTRING (139.5753499 35.8394988, 139.5759526 35.8396146)",
224331206,,,,residential,,False,True,57.312,"LINESTRING (139.5753499 35.8394988, 139.5747529 35.8393825, 139.5747311 35.8393819)",
118033080,,,,residential,,False,False,33.379,"LINESTRING (139.5777204 35.8397267, 139.5773644 35.8396441)",
118033080,,,,residential,,False,True,34.512,"LINESTRING (139.5777204 35.8397267, 139.5780806 35.8398319)",
118033262,,,,residential,,False,True,29.054,"LINESTRING (139.5777204 35.8397267, 139.5778682 35.8394945)",
118033262,,,,residential,,False,False,28.808,"LINESTRING (139.5777204 35.8397267, 139.5775951 35.8398646, 139.5775413 35.8399408)",
118033300,,,,residential,,False,False,58.309,"LINESTRING (139.5748629 35.8389008, 139.5754925 35.8390211)",
118033314,,,,residential,,False,False,27.599,"LINESTRING (139.5748629 35.8389008, 139.5747949 35.8391428)",
118033314,,,,residential,,False,True,26.0,"LINESTRING (139.5748629 35.8389008, 139.574929 35.8386732)",
1162958652,2,266,ふじみ野朝霞線,secondary,40,False,False,5.341,"LINESTRING (139.5766349 35.8394569, 139.5765938 35.8394915)",
1162958652,2,266,ふじみ野朝霞線,secondary,40,False,True,26.141,"LINESTRING (139.5766349 35.8394569, 139.5768168 35.8392738)",
118033080,,,,residential,,False,True,39.385999999999996,"LINESTRING (139.5766349 35.8394569, 139.5768463 35.8395205, 139.5770491 35.839569)",
118033375,,,,residential,,False,False,37.996,"LINESTRING (139.5748898 35.8384064, 139.574958 35.8380692)",
118033715,,,,residential,,False,False,30.797,"LINESTRING (139.5748898 35.8384064, 139.5745626 35.8384861)",
224331219,,,,residential,,False,True,102.529,"LINESTRING (139.5748898 35.8384064, 139.5752371 35.8383275, 139.5760042 35.8384263)",
118033505,,,,unclassified,,False,False,23.467,"LINESTRING (139.5756023 35.8386432, 139.5755425 35.8388486)",
118033721,,,,unclassified,,False,True,32.169,"LINESTRING (139.5756023 35.8386432, 139.5759552 35.8386862)",
118033450,,,,unclassified,,False,False,62.241,"LINESTRING (139.5756023 35.8386432, 139.575238 35.8385993, 139.574929 35.8386732)",
118033314,,,,residential,,False,False,18.44,"LINESTRING (139.5746403 35.8397003, 139.5745933 35.8398617)",
118033314,,,,residential,,False,True,18.373,"LINESTRING (139.5746403 35.8397003, 139.5746882 35.8395397)",
224331202,,,,residential,,False,False,57.367,"LINESTRING (139.5746403 35.8397003, 139.5752597 35.8398188)",
224331202,,,,residential,,False,True,57.239,"LINESTRING (139.5746403 35.8397003, 139.5740223 35.839582)",
118033272,,,,unclassified,,False,True,10.606,"LINESTRING (139.5788831 35.8390694, 139.5788198 35.8391498)",
118033272,,,,unclassified,,False,False,23.591,"LINESTRING (139.5788831 35.8390694, 139.5789277 35.8390156, 139.5790538 35.8389095)",
224326887,,,,residential,,False,False,44.339,"LINESTRING (139.5788831 35.8390694, 139.5792068 35.8391133, 139.5792756 35.8389929)",
118033262,,,,residential,,False,True,2.719,"LINESTRING (139.5779649 35.8412559, 139.577937 35.8412466)",
118033322,,,,residential,,False,False,31.472,"LINESTRING (139.5779649 35.8412559, 139.5780597 35.8409835)",
"[118033262, 118033215]",,,,residential,,False,False,82.363,"LINESTRING (139.5779649 35.8412559, 139.5780764 35.8412968, 139.5783797 35.8410284, 139.5786193 35.8408302)",
118033418,,,,unclassified,,False,False,18.274,"LINESTRING (139.575215 35.8399791, 139.5752597 35.8398188)",
118033418,,,,unclassified,,False,True,17.751,"LINESTRING (139.575215 35.8399791, 139.5751721 35.8401349)",
224331200,,,,residential,,False,True,57.541,"LINESTRING (139.575215 35.8399791, 139.5745933 35.8398617)",
224331201,,,,residential,,False,False,44.634,"LINESTRING (139.575215 35.8399791, 139.5756963 35.8400734)",
118033373,,,,residential,,False,True,7.595,"LINESTRING (139.5759339 35.8396812, 139.5759526 35.8396146)",
"[224331205, 118033373]",,,,residential,,False,"[False, True]",66.533,"LINESTRING (139.5759339 35.8396812, 139.5759076 35.8397749, 139.5753043 35.8396606)",
1207595925,,,,unclassified,,False,False,31.722,"LINESTRING (139.5759339 35.8396812, 139.5762171 35.8397319, 139.5762709 35.8397567)",
118033272,,,,unclassified,,False,False,10.606,"LINESTRING (139.5788198 35.8391498, 139.5788831 35.8390694)",
118033318,,,,unclassified,,False,True,22.867,"LINESTRING (139.5788198 35.8391498, 139.5785737 35.8390999)",
224326886,,,,residential,,False,True,9.543,"LINESTRING (139.5788198 35.8391498, 139.5788406 35.8391571, 139.5788502 35.8392241)",
224326898,,,,residential,,False,False,35.83,"LINESTRING (139.5794136 35.8401686, 139.5796374 35.8399023)",
1257054524,,,,residential,,False,False,92.062,"LINESTRING (139.5794136 35.8401686, 139.5784332 35.8399366)",
118033215,,,,residential,,False,True,33.709,"LINESTRING (139.5794136 35.8401686, 139.5792541 35.8403142, 139.5791608 35.8403919)",
118033251,,,,unclassified,,False,False,61.704,"LINESTRING (139.5772738 35.8388506, 139.5765961 35.8387725)",
1162958652,2,266,ふじみ野朝霞線,secondary,40,False,True,25.506,"LINESTRING (139.5772738 35.8388506, 139.5774701 35.8386854)",
1162958652,2,266,ふじみ野朝霞線,secondary,40,False,False,11.69,"LINESTRING (139.5772738 35.8388506, 139.5772103 35.8389067, 139.5771882 35.8389295)",
118033585,,,,unclassified,,False,True,67.566,"LINESTRING (139.5768168 35.8392738, 139.5760859 35.8391391)",
1162958652,2,266,ふじみ野朝霞線,secondary,40,False,False,26.141,"LINESTRING (139.5768168 35.8392738, 139.5766349 35.8394569)",
1162958652,2,266,ふじみ野朝霞線,secondary,40,False,True,3.693,"LINESTRING (139.5768168 35.8392738, 139.5768432 35.8392484)",
118033373,,,,residential,,False,False,18.85,"LINESTRING (139.5761339 35.838968, 139.5760875 35.8391333)",
118033373,,,,residential,,False,True,28.223,"LINESTRING (139.5761339 35.838968, 139.5762033 35.8387205)",
224331215,,,,residential,,False,True,54.938,"LINESTRING (139.5761339 35.838968, 139.5755425 35.8388486)",
224331214,,,,residential,,False,False,66.2,"LINESTRING (139.5761339 35.838968, 139.5765212 35.8390391, 139.5765961 35.8387725)",
1162958652,2,266,ふじみ野朝霞線,secondary,40,False,False,86.092,"LINESTRING (139.5751328 35.8403843, 139.5743427 35.8408193)",
1162958652,2,266,ふじみ野朝霞線,secondary,40,False,True,36.841,"LINESTRING (139.5751328 35.8403843, 139.5754701 35.8401972)",
118033418,,,,unclassified,,False,False,28.198,"LINESTRING (139.5751328 35.8403843, 139.5751255 35.8403141, 139.5751721 35.8401349)",
224331194,,,,residential,,False,True,60.612,"LINESTRING (139.5751328 35.8403843, 139.5750606 35.8403643, 139.5744809 35.8402517)",
1162958652,2,266,ふじみ野朝霞線,secondary,40,False,False,36.841,"LINESTRING (139.5754701 35.8401972, 139.5751328 35.8403843)",
1162958652,2,266,ふじみ野朝霞線,secondary,40,False,True,24.602,"LINESTRING (139.5754701 35.8401972, 139.5756963 35.8400734)",
"[224326921, 118033643, 118604019]",,,,"['unclassified', 'residential']",,False,False,89.24499999999999,"LINESTRING (139.5754701 35.8401972, 139.5758398 35.8406176, 139.5758754 35.840658, 139.575984 35.8407827, 139.576044 35.8408512)",yes
118033266,,,,residential,,False,True,92.88000000000001,"LINESTRING (139.5751157 35.8378497, 139.5752357 35.8376457, 139.5752688 35.8376375, 139.5757696 35.8377002, 139.5759772 35.837727)",
118033375,,,,residential,,False,True,36.7,"LINESTRING (139.5751157 35.8378497, 139.5750006 35.837836, 139.574958 35.8380692)",
224331224,,,,residential,,False,True,154.253,"LINESTRING (139.5751157 35.8378497, 139.5761928 35.8379877, 139.5768076 35.8380571)",
118033713,,,,unclassified,,False,False,140.483,"LINESTRING (139.57797 35.8382542, 139.5782335 35.8382382, 139.5786291 35.8382002, 139.5789524 35.8381762, 139.5795156 35.838099)",
1162958652,2,266,ふじみ野朝霞線,secondary,40,False,False,65.79899999999999,"LINESTRING (139.57797 35.8382542, 139.5778264 35.8383782, 139.5775966 35.8385747, 139.5774701 35.8386854)",
1162958652,2,266,ふじみ野朝霞線,secondary,40,False,True,110.94,"LINESTRING (139.57797 35.8382542, 139.5782261 35.8380332, 139.5785694 35.8377367, 139.5788071 35.8375229)",
224331234,,,,residential,,False,False,26.093,"LINESTRING (139.5740974 35.837618, 139.5743868 35.8376229)",
118033715,,,,residential,,False,True,30.797,"LINESTRING (139.5745626 35.8384861, 139.5748898 35.8384064)",
118033454,,,,residential,,False,False,89.971,"LINESTRING (139.5745626 35.8384861, 139.5746459 35.8380066, 139.5745985 35.8378373, 139.5745575 35.8376897)",
118033454,,,,residential,,False,True,29.651,"LINESTRING (139.5745626 35.8384861, 139.5745638 35.8385139, 139.5746419 35.8387442)",
118033322,,,,residential,,False,False,30.313,"LINESTRING (139.5783349 35.8401973, 139.5784332 35.8399366)",
118033322,,,,residential,,False,True,30.671,"LINESTRING (139.5783349 35.8401973, 139.5782453 35.8404634)",
224326899,,,,residential,,False,True,76.795,"LINESTRING (139.5783349 35.8401973, 139.5775341 35.8399616)",
224326899,,,,residential,,False,False,77.53,"LINESTRING (139.5783349 35.8401973, 139.5786636 35.8402767, 139.5791608 35.8403919)",
224713073,,,,unclassified,,False,True,28.653,"LINESTRING (139.5846709 35.8410044, 139.5845536 35.8412439)",
1136693050,2,40,いろは通り,primary,40,False,True,12.101,"LINESTRING (139.5851019 35.8376787, 139.5849807 35.8376319)",
118604018,,,,unclassified,,False,False,78.414,"LINESTRING (139.5851019 35.8376787, 139.585097 35.837359, 139.5851109 35.8369737)",
118601050,,,,unclassified,,False,True,85.036,"LINESTRING (139.5849083 35.8399671, 139.5840445 35.8396597)",
1136693050,2,40,いろは通り,primary,40,False,False,12.101,"LINESTRING (139.5849807 35.8376319, 139.5851019 35.8376787)",
"[472860882, 472860884, 472860886, 472860888, 255871546]",,,,unclassified,,False,False,257.622,"LINESTRING (139.5849807 35.8376319, 139.5847639 35.8379121, 139.5845741 35.8381806, 139.5844752 35.8383159, 139.5844004 35.8384826, 139.5844182 35.8385092, 139.5845824 35.8385886, 139.5845049 35.8387605, 139.5844327 35.8388979, 139.5842606 35.8392216, 139.5842226 35.8393029, 139.5841656 35.8394153, 139.5840445 35.8396597)",
1136693050,2,40,いろは通り,primary,40,False,True,109.52499999999999,"LINESTRING (139.5849807 35.8376319, 139.5849441 35.8376186, 139.5846193 35.8375009, 139.5843243 35.8373915, 139.5838929 35.8371952)",
"[118601013, 473008383]",,,,unclassified,,False,False,86.662,"LINESTRING (139.5831342 35.8394348, 139.5832512 35.83944, 139.5833609 35.8394442, 139.58354 35.839487, 139.5837942 35.8395772, 139.5840445 35.8396597)",
"[472860896, 473015576, 472860890, 472860892, 472879069, 472860894, 472879071]",2,36,宿通り,primary,40,False,False,267.709,"LINESTRING (139.5831342 35.8394348, 139.5831197 35.8392821, 139.5831033 35.8390821, 139.5830982 35.8389199, 139.5830989 35.8388086, 139.5831048 35.8386941, 139.5831251 35.8385397, 139.5831516 35.8384024, 139.583158 35.8383783, 139.5831725 35.8383239, 139.5831853 35.8382758, 139.5832213 35.8381606, 139.5833075 35.8379447, 139.5833459 35.8378318, 139.5833548 35.8378074, 139.5834273 35.8376081, 139.5835188 35.8373795, 139.58365 35.837093)",
473015576,2,36,宿通り,primary,40,False,True,45.247,"LINESTRING (139.5831342 35.8394348, 139.5831392 35.8396401, 139.5831326 35.8398416)",
118601050,,,,unclassified,,False,False,85.036,"LINESTRING (139.5840445 35.8396597, 139.5849083 35.8399671)",
224722473,,,,residential,,False,False,188.035,"LINESTRING (139.5840445 35.8396597, 139.5839435 35.8398708, 139.5839065 35.8399567, 139.5837594 35.8401237, 139.5836164 35.8402814, 139.5835737 35.8403338, 139.5836389 35.8406596, 139.5836789 35.840677, 139.5837719 35.8406811, 139.583783 35.8408465, 139.5838004 35.8410735, 139.5838234 35.8411068, 139.5838571 35.8411307)",
"[472860882, 472860884, 472860886, 472860888, 255871546]",,,,unclassified,,False,True,257.622,"LINESTRING (139.5840445 35.8396597, 139.5841656 35.8394153, 139.5842226 35.8393029, 139.5842606 35.8392216, 139.5844327 35.8388979, 139.5845049 35.8387605, 139.5845824 35.8385886, 139.5844182 35.8385092, 139.5844004 35.8384826, 139.5844752 35.8383159, 139.5845741 35.8381806, 139.5847639 35.8379121, 139.5849807 35.8376319)",
"[118601013, 473008383]",,,,unclassified,,False,True,86.662,"LINESTRING (139.5840445 35.8396597, 139.5837942 35.8395772, 139.58354 35.839487, 139.5833609 35.8394442, 139.5832512 35.83944, 139.5831342 35.8394348)",
118464275,,,,tertiary,,False,False,33.34,"LINESTRING (139.5742768 35.836174, 139.5743416 35.8361079, 139.5745071 35.8359394)",
571188262,,,,tertiary,,False,True,34.034000000000006,"LINESTRING (139.5742768 35.836174, 139.5742157 35.8362334, 139.5741611 35.8362914, 139.5741163 35.8363479, 139.5740936 35.8363767, 139.5740581 35.8364229)",
"[1246028189, 385176391]",,,,unclassified,,False,False,325.41400000000004,"LINESTRING (139.5742768 35.836174, 139.5743294 35.8362048, 139.5743638 35.836225, 139.574398 35.836243, 139.574436 35.8362463, 139.5744751 35.8362436, 139.574886 35.8362035, 139.5749427 35.836198, 139.576658 35.8360308, 139.577283 35.8359699, 139.577296 35.8359643, 139.5773044 35.8359564, 139.5774727 35.8356817, 139.5774837 35.8356496, 139.5774773 35.8356113, 139.5774546 35.835565)",
1246023424,,113,志木大通り,secondary,40,False,True,28.836,"LINESTRING (139.5777975 35.8342695, 139.5775786 35.8340804)",
118603166,,,,tertiary,,False,False,103.85600000000001,"LINESTRING (139.5777975 35.8342695, 139.5777626 35.8343005, 139.5777423 35.8343238, 139.5777382 35.8343468, 139.5777496 35.8343699, 139.5779431 35.8346335, 139.5779756 35.8346912, 139.577997 35.8347477, 139.5780198 35.8348314, 139.5780329 35.8349043, 139.5780487 35.83499, 139.5780554 35.8350473, 139.578054 35.8350902, 139.5780443 35.835129)",
1246012927,,113,志木大通り,secondary,40,False,False,162.21200000000002,"LINESTRING (139.5777975 35.8342695, 139.5779583 35.8344045, 139.5781097 35.8345183, 139.5782574 35.8346174, 139.578415 35.8347032, 139.5785889 35.8347784, 139.5787899 35.8348455, 139.5789739 35.8348906, 139.5791705 35.8349235, 139.5793417 35.8349405)",
118603166,,,,tertiary,,False,False,7.468,"LINESTRING (139.5775153 35.8355193, 139.5774546 35.835565)",
118603166,,,,tertiary,,False,True,5.999,"LINESTRING (139.5775153 35.8355193, 139.5775484 35.8354725)",
118603226,,,,unclassified,,False,False,46.400000000000006,"LINESTRING (139.5775153 35.8355193, 139.577532 35.8353509, 139.577554 35.8351032)",
118603166,,,,tertiary,,False,False,10.967,"LINESTRING (139.5780443 35.835129, 139.5780332 35.8351554, 139.5780064 35.835185, 139.5779731 35.8352057)",
118603166,,,,tertiary,,False,True,103.856,"LINESTRING (139.5780443 35.835129, 139.578054 35.8350902, 139.5780554 35.8350473, 139.5780487 35.83499, 139.5780329 35.8349043, 139.5780198 35.8348314, 139.577997 35.8347477, 139.5779756 35.8346912, 139.5779431 35.8346335, 139.5777496 35.8343699, 139.5777382 35.8343468, 139.5777423 35.8343238, 139.5777626 35.8343005, 139.5777975 35.8342695)",
118603259,,,,unclassified,,False,True,12.676,"LINESTRING (139.5780443 35.835129, 139.5780997 35.8351935, 139.578107 35.8352284)",
430484759,,,,residential,,False,True,127.618,"LINESTRING (139.5780443 35.835129, 139.5781721 35.8351388, 139.5785149 35.8352224, 139.5786527 35.835198, 139.5788003 35.8351175, 139.579232 35.8350454, 139.5792866 35.8349932, 139.5793417 35.8349405)",
118603249,,,,unclassified,,False,False,42.852000000000004,"LINESTRING (139.5786018 35.8355796, 139.5786615 35.8356697, 139.5787083 35.8357465, 139.5787624 35.835939)",
118603259,,,,unclassified,,False,False,63.626000000000005,"LINESTRING (139.5786018 35.8355796, 139.5784476 35.8355066, 139.5782172 35.835413, 139.5781064 35.835311, 139.578107 35.8352284)",
"[118603309, 118603279]",,,,unclassified,,False,True,186.618,"LINESTRING (139.5786018 35.8355796, 139.5788225 35.835619, 139.5789931 35.8356281, 139.5793235 35.8355607, 139.5795085 35.8355184, 139.5795863 35.8357112, 139.5788864 35.836157)",
118603198,,,,unclassified,,False,False,14.148,"LINESTRING (139.5762904 35.8332651, 139.5761816 35.8331734)",
118603198,,,,unclassified,,False,True,70.717,"LINESTRING (139.5762904 35.8332651, 139.5763567 35.8333791, 139.5764469 35.8335833, 139.5764735 35.8337431, 139.5765199 35.8338694)",
224319792,,,,residential,,False,False,23.26,"LINESTRING (139.5762904 35.8332651, 139.5764581 35.8331812, 139.5765163 35.8331665)",
118603301,,,,unclassified,,False,False,15.078,"LINESTRING (139.5741869 35.8346137, 139.5740369 35.8345537)",
385175825,,,,residential,,False,True,53.393,"LINESTRING (139.5741869 35.8346137, 139.5740849 35.8350867)",
118603301,,,,unclassified,,False,True,54.922,"LINESTRING (139.5741869 35.8346137, 139.5743969 35.8346596, 139.5744249 35.834663, 139.5744509 35.8346662, 139.5744896 35.8346579, 139.5745324 35.8346382, 139.5747306 35.8345175)",
118603189,,,,unclassified,,False,True,2.609,"LINESTRING (139.5740369 35.8345537, 139.5740287 35.8345312)",
118603301,,,,unclassified,,False,True,15.078,"LINESTRING (139.5740369 35.8345537, 139.5741869 35.8346137)",
1246023424,,113,志木大通り,secondary,40,False,False,28.836,"LINESTRING (139.5775786 35.8340804, 139.5777975 35.8342695)",
430484761,,,,residential,,False,False,8.929,"LINESTRING (139.5775786 35.8340804, 139.5776516 35.8340709, 139.5776764 35.8340677)",
1246023424,,113,志木大通り,secondary,40,False,True,139.634,"LINESTRING (139.5775786 35.8340804, 139.5772142 35.833765, 139.5768637 35.8334648, 139.5766281 35.8332639, 139.5765163 35.8331665)",
118718764,,,,unclassified,,False,True,28.167,"LINESTRING (139.5776702 35.8334858, 139.5779764 35.8334354)",
118603243,,,,unclassified,,True,False,68.522,"LINESTRING (139.5776702 35.8334858, 139.5775799 35.8336768, 139.5775673 35.8338875, 139.5776764 35.8340677)",
118603301,,,,unclassified,,False,False,54.922000000000004,"LINESTRING (139.5747306 35.8345175, 139.5745324 35.8346382, 139.5744896 35.8346579, 139.5744509 35.8346662, 139.5744249 35.834663, 139.5743969 35.8346596, 139.5741869 35.8346137)",
227093228,,,,unclassified,,False,False,45.209,"LINESTRING (139.5747306 35.8345175, 139.5747141 35.8344802, 139.5747017 35.8344379, 139.5746789 35.834327, 139.5746403 35.8341183)",
227093228,,,,unclassified,,False,True,19.052,"LINESTRING (139.5747306 35.8345175, 139.5747729 35.8345535, 139.5748118 35.8346063, 139.5748456 35.8346598)",
186123098,2,36;40,本町通り,primary,30,False,True,11.298,"LINESTRING (139.5795949 35.8349544, 139.5795618 35.8348564)",
118604022,,,,unclassified,,False,True,76.57000000000001,"LINESTRING (139.5795949 35.8349544, 139.5797257 35.8349709, 139.5797322 35.8349717, 139.5797499 35.8349739, 139.5798814 35.8350058, 139.5799974 35.8350426, 139.5801688 35.8350893, 139.5802803 35.8351073, 139.5804138 35.8351292)",
"[1200765738, 227101291, 920146804]",2,36;40,本町通り,primary,40,False,False,136.88899999999998,"LINESTRING (139.5795949 35.8349544, 139.5796316 35.8350288, 139.5796661 35.8350759, 139.5796856 35.8351026, 139.579688 35.8351058, 139.5797052 35.8351294, 139.5797859 35.8352251, 139.5798934 35.83533, 139.5800233 35.8354392, 139.5801632 35.8355593, 139.5804096 35.8357812, 139.5804504 35.835818, 139.5805467 35.8359048)",yes
1246012927,,113,志木大通り,secondary,40,False,True,22.897,"LINESTRING (139.5795949 35.8349544, 139.5795067 35.8349534, 139.5794988 35.8349533, 139.5793417 35.8349405)",
118603226,,,,unclassified,,False,True,18.945,"LINESTRING (139.5768738 35.8341398, 139.5769329 35.8343033)",
118603226,,,,unclassified,,False,False,44.292,"LINESTRING (139.5768738 35.8341398, 139.5767655 35.8340892, 139.5765996 35.8339519, 139.5765199 35.8338694)",
430484760,,,,residential,,False,False,60.32299999999999,"LINESTRING (139.5768738 35.8341398, 139.5773542 35.8340458, 139.5774848 35.8341402)",
118603139,,,,unclassified,,False,True,93.92699999999999,"LINESTRING (139.5765199 35.8338694, 139.5760457 35.8340749, 139.5759999 35.83407, 139.575863 35.8339713, 139.575778 35.8339472, 139.575601 35.8339042)",
118603198,,,,unclassified,,False,False,70.717,"LINESTRING (139.5765199 35.8338694, 139.5764735 35.8337431, 139.5764469 35.8335833, 139.5763567 35.8333791, 139.5762904 35.8332651)",
118603226,,,,unclassified,,False,True,44.292,"LINESTRING (139.5765199 35.8338694, 139.5765996 35.8339519, 139.5767655 35.8340892, 139.5768738 35.8341398)",
118603151,,,,unclassified,,False,True,40.504999999999995,"LINESTRING (139.5744609 35.8334447, 139.5741846 35.8335051, 139.5740289 35.8335446)",
227093228,,,,unclassified,,False,True,76.629,"LINESTRING (139.5744609 35.8334447, 139.5745537 35.8337831, 139.574598 35.833949, 139.5746369 35.8341049, 139.5746403 35.8341183)",
118603226,,,,unclassified,,False,False,18.945,"LINESTRING (139.5769329 35.8343033, 139.5768738 35.8341398)",
118603226,,,,unclassified,,False,True,95.47699999999999,"LINESTRING (139.5769329 35.8343033, 139.5771331 35.8343603, 139.5772329 35.8343742, 139.5774289 35.8346332, 139.5775407 35.8347957, 139.5775525 35.8349099)",
488897138,,,,residential,,False,False,118.755,"LINESTRING (139.5769329 35.8343033, 139.5770006 35.834677, 139.577246 35.8350369, 139.5775525 35.8349099)",
118464275,,,,tertiary,,False,True,76.428,"LINESTRING (139.5750029 35.8353888, 139.5749923 35.8354234, 139.5749783 35.8354577, 139.5749581 35.8354887, 139.5749288 35.8355232, 139.5747196 35.8357296, 139.5745071 35.8359394)",
118603238,,,,unclassified,,False,False,49.842,"LINESTRING (139.5750029 35.8353888, 139.5747351 35.8354254, 139.5745936 35.8354338, 139.5744544 35.8354404)",
227093228,,,,unclassified,,False,False,29.569000000000003,"LINESTRING (139.5750029 35.8353888, 139.5750122 35.8353189, 139.5750092 35.8352735, 139.5749938 35.8351693, 139.5749863 35.8351245)",
1246023425,,,,tertiary,,False,True,94.093,"LINESTRING (139.5750029 35.8353888, 139.5750553 35.8353778, 139.5750993 35.8353641, 139.57596 35.8350527)",
571194509,,,,unclassified,,False,False,26.694,"LINESTRING (139.5787624 35.835939, 139.5788864 35.836157)",
"[118603249, 118603309]",,,,unclassified,,False,False,125.53599999999999,"LINESTRING (139.5787624 35.835939, 139.5782881 35.8361778, 139.57849 35.8363982, 139.5788416 35.8361855, 139.5788864 35.836157)",
118603249,,,,unclassified,,False,True,42.852,"LINESTRING (139.5787624 35.835939, 139.5787083 35.8357465, 139.5786615 35.8356697, 139.5786018 35.8355796)",
571188262,,,,tertiary,,False,False,34.034,"LINESTRING (139.5740581 35.8364229, 139.5740936 35.8363767, 139.5741163 35.8363479, 139.5741611 35.8362914, 139.5742157 35.8362334, 139.5742768 35.836174)",
118603139,,,,unclassified,,False,False,90.91799999999999,"LINESTRING (139.5746403 35.8341183, 139.5747093 35.8341049, 139.5748531 35.8340638, 139.5750185 35.8339971, 139.575192 35.8339353, 139.5754762 35.8339106, 139.575601 35.8339042)",
227093228,,,,unclassified,,False,False,76.62899999999999,"LINESTRING (139.5746403 35.8341183, 139.5746369 35.8341049, 139.574598 35.833949, 139.5745537 35.8337831, 139.5744609 35.8334447)",
227093228,,,,unclassified,,False,True,45.209,"LINESTRING (139.5746403 35.8341183, 139.5746789 35.834327, 139.5747017 35.8344379, 139.5747141 35.8344802, 139.5747306 35.8345175)",
118604160,,,,unclassified,30,True,False,221.659,"LINESTRING (139.5823093 35.8376401, 139.5822821 35.8377476, 139.5822619 35.8378532, 139.5822576 35.8378882, 139.5822685 35.8379403, 139.5823161 35.8380092, 139.5823555 35.8380553, 139.5823745 35.8380911, 139.5824402 35.8383086, 139.582667 35.8389848, 139.5828059 35.8393973, 139.582821 35.8394463, 139.582861 35.8395535)",
919985703,,,,unclassified,30,False,True,119.66999999999999,"LINESTRING (139.5823093 35.8376401, 139.5823402 35.8375745, 139.5823512 35.8375249, 139.5823485 35.8374794, 139.5823377 35.8374217, 139.5823155 35.8373432, 139.5822575 35.8371893, 139.5822394 35.837131, 139.5822271 35.8370433, 139.582227 35.8369852, 139.582227 35.8369629, 139.5822333 35.8368836, 139.5822442 35.8367968, 139.5822754 35.836644, 139.5822898 35.8365853)",
1156857711,,,,residential,,False,True,73.344,"LINESTRING (139.5823093 35.8376401, 139.5822314 35.8376421, 139.5816123 35.8379643)",
186553604,,,,residential,,False,False,23.136,"LINESTRING (139.5763682 35.8414005, 139.5761306 35.8414792)",
224326920,,,,residential,,False,True,51.247,"LINESTRING (139.5763682 35.8414005, 139.5769212 35.8412935)",
224326921,,,,residential,,False,False,31.279,"LINESTRING (139.5763682 35.8414005, 139.5764832 35.8416659)",
224326921,,,,residential,,False,True,23.981,"LINESTRING (139.5763682 35.8414005, 139.5762602 35.8412034)",
118604022,,,,unclassified,,False,False,75.82,"LINESTRING (139.582011 35.834457, 139.5819688 35.8344868, 139.5816455 35.8347207, 139.5813332 35.834852)",
118604164,,,,residential,,False,True,20.799,"LINESTRING (139.582011 35.834457, 139.581921 35.834389, 139.5818463 35.8343261)",
224220892,,,,unclassified,,False,True,102.228,"LINESTRING (139.582011 35.834457, 139.5822239 35.8342568, 139.5824113 35.8339937, 139.5825541 35.8338589, 139.5826399 35.8337665, 139.5827041 35.8337412)",
118604062,,,,unclassified,,False,True,127.473,"LINESTRING (139.5820408 35.8365021, 139.5820704 35.8364453, 139.5821181 35.8363343, 139.5822026 35.8361871, 139.58236 35.8359506, 139.5825479 35.8356539, 139.58265 35.835469)",
186553607,2,36;40,いろは通り,primary,40,False,False,24.283,"LINESTRING (139.5820408 35.8365021, 139.5821907 35.8365547, 139.5822898 35.8365853)",
"[224326882, 227101293, 186553607]",2,36;40,いろは通り,primary,40,False,True,150.41000000000003,"LINESTRING (139.5820408 35.8365021, 139.5820021 35.8364877, 139.5819523 35.836469, 139.5813058 35.8362231, 139.5811959 35.8361845, 139.5811358 35.8361633, 139.5810816 35.8361449, 139.5809788 35.8361078, 139.5808335 35.8360502, 139.5807178 35.8359978, 139.5806095 35.8359415, 139.5805467 35.8359048)",yes
118604023,,,,unclassified,,False,False,57.653000000000006,"LINESTRING (139.5840934 35.836703, 139.5840749 35.8367598, 139.5840049 35.8369335, 139.5839279 35.8371128, 139.5839215 35.8371278, 139.5838929 35.8371952)",
118604166,,,,unclassified,,False,True,34.939,"LINESTRING (139.5840934 35.836703, 139.5840556 35.8366482, 139.5837702 35.8365498)",
224722479,,,,unclassified,,False,True,88.207,"LINESTRING (139.5840934 35.836703, 139.5841832 35.8365195, 139.5842264 35.8364313, 139.5842171 35.836402, 139.5840316 35.8363483, 139.583878 35.8363945, 139.5837702 35.8365498)",
"[473008386, 118604050]",,,,unclassified,,False,True,98.303,"LINESTRING (139.5840934 35.836703, 139.5841498 35.8367378, 139.5841849 35.8367806, 139.5846464 35.8368822, 139.5847515 35.8369029, 139.5851109 35.8369737)",
118604059,,,,residential,,False,True,25.571,"LINESTRING (139.5847892 35.8339893, 139.5845758 35.8338378)",
472871059,,,,residential,,False,True,28.319,"LINESTRING (139.5847892 35.8339893, 139.5850428 35.8341396)",
"[472871061, 472873559]",,,,residential,,False,True,42.424,"LINESTRING (139.5847892 35.8339893, 139.5846781 35.8341878, 139.5845977 35.8343378)",
118604164,,,,residential,,False,False,24.548,"LINESTRING (139.5807429 35.8334474, 139.5808972 35.8336293)",
118604164,,,,residential,,False,True,16.092,"LINESTRING (139.5807429 35.8334474, 139.5806519 35.8333229)",
488897139,,,,residential,,False,True,60.712999999999994,"LINESTRING (139.5807429 35.8334474, 139.580356 35.8336833, 139.5802159 35.8337866)",
118604058,,,,unclassified,,False,True,49.157,"LINESTRING (139.5817801 35.8413296, 139.5818642 35.8412576, 139.5819117 35.8412022, 139.5819746 35.8409824, 139.5819759 35.8409326)",
118604089,,,,unclassified,,False,True,148.869,"LINESTRING (139.5817801 35.8413296, 139.5819046 35.8414858, 139.5821229 35.8415962, 139.5830622 35.8415649, 139.5832866 35.8415549)",
"[118604114, 1137278365, 1137278366]",,,,unclassified,,False,False,88.774,"LINESTRING (139.5817801 35.8413296, 139.5814589 35.8415652, 139.5811329 35.8417717, 139.5811086 35.8417821, 139.5810165 35.8418215, 139.5810109 35.8418239)",yes
118604048,,,,residential,,False,False,70.279,"LINESTRING (139.5792427 35.8334157, 139.5793071 35.8334088, 139.5795213 35.8333858, 139.5798066 35.83337, 139.5800192 35.8333702)",
186123098,2,36;40,本町通り,primary,30,False,False,127.22399999999999,"LINESTRING (139.5792427 35.8334157, 139.5792498 35.8334532, 139.5792595 35.8335044, 139.5793026 35.833733, 139.5793436 35.8339592, 139.5794061 35.8342433, 139.5794832 35.8345428)",
186123098,2,36;40,本町通り,primary,30,False,True,41.655,"LINESTRING (139.5792427 35.8334157, 139.5792376 35.8333849, 139.5791987 35.833165, 139.5791754 35.8330451)",
1136693050,2,40,いろは通り,primary,40,False,True,24.669,"LINESTRING (139.5838929 35.8371952, 139.58365 35.837093)",
118604023,,,,unclassified,,False,True,57.65299999999999,"LINESTRING (139.5838929 35.8371952, 139.5839215 35.8371278, 139.5839279 35.8371128, 139.5840049 35.8369335, 139.5840749 35.8367598, 139.5840934 35.836703)",
1136693050,2,40,いろは通り,primary,40,False,False,109.52499999999999,"LINESTRING (139.5838929 35.8371952, 139.5843243 35.8373915, 139.5846193 35.8375009, 139.5849441 35.8376186, 139.5849807 35.8376319)",
118604130,,,,residential,,False,True,71.014,"LINESTRING (139.5838839 35.8356371, 139.583198 35.835323)",
118604183,,,,residential,,False,False,78.635,"LINESTRING (139.5838839 35.8356371, 139.5842454 35.8349935)",
118604166,,,,unclassified,,False,False,132.114,"LINESTRING (139.5838839 35.8356371, 139.5836876 35.8359455, 139.5836365 35.8360329, 139.5835465 35.8361788, 139.5834207 35.8364346, 139.5837702 35.8365498)",
186553604,,,,residential,,False,False,20.72,"LINESTRING (139.5761306 35.8414792, 139.575923 35.8415592)",
186553604,,,,residential,,False,True,23.136,"LINESTRING (139.5761306 35.8414792, 139.5763682 35.8414005)",
224326923,,,,residential,,False,False,49.551,"LINESTRING (139.5761306 35.8414792, 139.5758893 35.8410788)",
224220892,,,,unclassified,,False,False,102.228,"LINESTRING (139.5827041 35.8337412, 139.5826399 35.8337665, 139.5825541 35.8338589, 139.5824113 35.8339937, 139.5822239 35.8342568, 139.582011 35.834457)",
118604018,,,,unclassified,,False,True,78.414,"LINESTRING (139.5851109 35.8369737, 139.585097 35.837359, 139.5851019 35.8376787)",
"[118604050, 473008386]",,,,unclassified,,False,False,98.303,"LINESTRING (139.5851109 35.8369737, 139.5847515 35.8369029, 139.5846464 35.8368822, 139.5841849 35.8367806, 139.5841498 35.8367378, 139.5840934 35.836703)",
473015576,2,36,宿通り,primary,40,False,True,17.917,"LINESTRING (139.5832403 35.8413982, 139.5832866 35.8415549)",
118604031,,,,unclassified,,False,False,150.399,"LINESTRING (139.5832403 35.8413982, 139.5831084 35.8413227, 139.5828597 35.8410884, 139.5827569 35.8410185, 139.5826481 35.8409569, 139.5821426 35.8407421, 139.5819759 35.8409326)",
473015576,2,36,宿通り,primary,40,False,False,44.870999999999995,"LINESTRING (139.5832403 35.8413982, 139.5832205 35.8413074, 139.5831965 35.8411698, 139.583173 35.8409985)",
186553607,2,36;40,いろは通り,primary,40,False,False,53.326,"LINESTRING (139.5822898 35.8365853, 139.582416 35.8366156, 139.5825522 35.8366454, 139.5826341 35.8366634, 139.5827414 35.8366923, 139.5828529 35.8367303)",
186553607,2,36;40,いろは通り,primary,40,False,True,24.283,"LINESTRING (139.5822898 35.8365853, 139.5821907 35.8365547, 139.5820408 35.8365021)",
919985703,,,,unclassified,30,False,False,119.66999999999999,"LINESTRING (139.5822898 35.8365853, 139.5822754 35.836644, 139.5822442 35.8367968, 139.5822333 35.8368836, 139.582227 35.8369629, 139.582227 35.8369852, 139.5822271 35.8370433, 139.5822394 35.837131, 139.5822575 35.8371893, 139.5823155 35.8373432, 139.5823377 35.8374217, 139.5823485 35.8374794, 139.5823512 35.8375249, 139.5823402 35.8375745, 139.5823093 35.8376401)",
"[118718720, 118718792]",,,,unclassified,,False,"[False, True]",64.21,"LINESTRING (139.5783222 35.8333017, 139.5785033 35.8332892, 139.5787871 35.8332706, 139.5787703 35.8330718)",
118718722,,,,unclassified,,False,True,63.006,"LINESTRING (139.5783222 35.8333017, 139.5782974 35.833123, 139.5787703 35.8330718)",
118718722,,,,unclassified,,False,False,15.495000000000001,"LINESTRING (139.5783222 35.8333017, 139.5783239 35.8333194, 139.5781772 35.8333447)",
118718722,,,,unclassified,,False,False,36.643,"LINESTRING (139.5791754 35.8330451, 139.5791051 35.8330495, 139.5789224 35.8330638, 139.5787703 35.8330718)",
186123098,2,36;40,本町通り,primary,30,False,False,41.655,"LINESTRING (139.5791754 35.8330451, 139.5791987 35.833165, 139.5792376 35.8333849, 139.5792427 35.8334157)",
118718722,,,,unclassified,,False,False,63.006,"LINESTRING (139.5787703 35.8330718, 139.5782974 35.833123, 139.5783222 35.8333017)",
"[118718792, 118718720]",,,,unclassified,,False,"[False, True]",64.21000000000001,"LINESTRING (139.5787703 35.8330718, 139.5787871 35.8332706, 139.5785033 35.8332892, 139.5783222 35.8333017)",
118718722,,,,unclassified,,False,True,36.643,"LINESTRING (139.5787703 35.8330718, 139.5789224 35.8330638, 139.5791051 35.8330495, 139.5791754 35.8330451)",
118604022,,,,unclassified,,False,False,41.135999999999996,"LINESTRING (139.5808327 35.8351003, 139.580674 35.8351819, 139.5804883 35.8351404, 139.5804138 35.8351292)",
118604022,,,,unclassified,,False,True,52.977000000000004,"LINESTRING (139.5808327 35.8351003, 139.5809447 35.8350335, 139.5810019 35.8350018, 139.5813332 35.834852)",
118718747,,,,residential,,False,True,83.274,"LINESTRING (139.5808327 35.8351003, 139.5807076 35.8348003, 139.5811128 35.8345194)",
118718738,,,,residential,,False,False,24.259,"LINESTRING (139.581247 35.8347085, 139.5811128 35.8345194)",
118718738,,,,residential,,False,True,17.748,"LINESTRING (139.581247 35.8347085, 139.5813332 35.834852)",
224722530,,,,residential,,False,False,69.416,"LINESTRING (139.581247 35.8347085, 139.5816938 35.8344063, 139.5817186 35.8344085, 139.5818463 35.8343261)",
118718738,,,,residential,,False,False,17.748,"LINESTRING (139.5813332 35.834852, 139.581247 35.8347085)",
118604022,,,,unclassified,,False,False,52.977000000000004,"LINESTRING (139.5813332 35.834852, 139.5810019 35.8350018, 139.5809447 35.8350335, 139.5808327 35.8351003)",
118604022,,,,unclassified,,False,True,75.82000000000001,"LINESTRING (139.5813332 35.834852, 139.5816455 35.8347207, 139.5819688 35.8344868, 139.582011 35.834457)",
118718722,,,,unclassified,,False,True,15.495000000000001,"LINESTRING (139.5781772 35.8333447, 139.5783239 35.8333194, 139.5783222 35.8333017)",
"[118718745, 430484761]",,,,residential,,False,"[False, True]",146.268,"LINESTRING (139.5781772 35.8333447, 139.5782141 35.8335401, 139.5781858 35.8336023, 139.5782863 35.8338258, 139.5783826 35.8338236, 139.5784162 35.8339435, 139.5776764 35.8340677)",
432464015,,,,residential,,False,True,60.934999999999995,"LINESTRING (139.580388 35.8346486, 139.5805036 35.8346075, 139.5809464 35.8343434)",
118718738,,,,residential,,False,False,70.22999999999999,"LINESTRING (139.5807275 35.8341903, 139.5805934 35.8340571, 139.5806451 35.8339932, 139.5809982 35.8337384)",
118718738,,,,residential,,False,True,19.579,"LINESTRING (139.5807275 35.8341903, 139.5808211 35.8342521, 139.5809028 35.8342937)",
488897136,,,,residential,,False,False,121.32499999999999,"LINESTRING (139.5807275 35.8341903, 139.5805914 35.8342911, 139.580515 35.834328, 139.5804332 35.8343487, 139.5800408 35.8344353, 139.5799863 35.8344697, 139.5797741 35.8345, 139.5795459 35.8345325, 139.5794832 35.8345428)",
118604164,,,,residential,,False,True,15.168,"LINESTRING (139.5809982 35.8337384, 139.5808972 35.8336293)",
118604164,,,,residential,,False,False,38.033,"LINESTRING (139.5809982 35.8337384, 139.5813228 35.833933, 139.581337 35.8339422)",
118718738,,,,residential,,False,True,70.22999999999999,"LINESTRING (139.5809982 35.8337384, 139.5806451 35.8339932, 139.5805934 35.8340571, 139.5807275 35.8341903)",
118718764,,,,unclassified,,False,False,28.167,"LINESTRING (139.5779764 35.8334354, 139.5776702 35.8334858)",
118718738,,,,residential,,False,False,6.782,"LINESTRING (139.5809464 35.8343434, 139.5809028 35.8342937)",
118718738,,,,residential,,False,True,24.691,"LINESTRING (139.5809464 35.8343434, 139.5810722 35.8344681, 139.5811128 35.8345194)",
432464015,,,,residential,,False,False,60.934999999999995,"LINESTRING (139.5809464 35.8343434, 139.5805036 35.8346075, 139.580388 35.8346486)",
118718738,,,,residential,,False,True,24.259,"LINESTRING (139.5811128 35.8345194, 139.581247 35.8347085)",
118718738,,,,residential,,False,False,24.691,"LINESTRING (139.5811128 35.8345194, 139.5810722 35.8344681, 139.5809464 35.8343434)",
118718747,,,,residential,,False,False,83.274,"LINESTRING (139.5811128 35.8345194, 139.5807076 35.8348003, 139.5808327 35.8351003)",
224722531,,,,residential,,False,False,58.18000000000001,"LINESTRING (139.5811128 35.8345194, 139.5813179 35.8343603, 139.5810509 35.8341627)",
118604076,,,,residential,,False,True,2.907,"LINESTRING (139.5806519 35.8333229, 139.5806789 35.8333086)",
118604164,,,,residential,,False,False,16.092,"LINESTRING (139.5806519 35.8333229, 139.5807429 35.8334474)",
118604048,,,,residential,,False,True,57.418000000000006,"LINESTRING (139.5806519 35.8333229, 139.5806139 35.8333278, 139.5802513 35.8333702, 139.5800192 35.8333702)",
118604062,,,,unclassified,,False,False,127.47299999999998,"LINESTRING (139.58265 35.835469, 139.5825479 35.8356539, 139.58236 35.8359506, 139.5822026 35.8361871, 139.5821181 35.8363343, 139.5820704 35.8364453, 139.5820408 35.8365021)",
224319774,,,,residential,,False,False,93.90299999999999,"LINESTRING (139.5748456 35.8346598, 139.5749276 35.8346825, 139.5750736 35.8347233, 139.5751912 35.8347367, 139.5754002 35.8347237, 139.5754986 35.8346945, 139.5753881 35.8344104)",
227093228,,,,unclassified,,False,False,19.052,"LINESTRING (139.5748456 35.8346598, 139.5748118 35.8346063, 139.5747729 35.8345535, 139.5747306 35.8345175)",
227093228,,,,unclassified,,False,True,53.385999999999996,"LINESTRING (139.5748456 35.8346598, 139.5748825 35.8347402, 139.5749009 35.8347812, 139.5749173 35.8348238, 139.5749494 35.8349352, 139.5749748 35.8350563, 139.5749863 35.8351245)",
1191743239,,,,residential,,False,True,30.594,"LINESTRING (139.5748456 35.8346598, 139.5749047 35.834639, 139.5751486 35.8345361)",
224319774,,,,residential,,False,True,93.90300000000002,"LINESTRING (139.5753881 35.8344104, 139.5754986 35.8346945, 139.5754002 35.8347237, 139.5751912 35.8347367, 139.5750736 35.8347233, 139.5749276 35.8346825, 139.5748456 35.8346598)",
118464275,,,,tertiary,,False,False,76.42799999999998,"LINESTRING (139.5745071 35.8359394, 139.5747196 35.8357296, 139.5749288 35.8355232, 139.5749581 35.8354887, 139.5749783 35.8354577, 139.5749923 35.8354234, 139.5750029 35.8353888)",
118464275,,,,tertiary,,False,True,33.34,"LINESTRING (139.5745071 35.8359394, 139.5743416 35.8361079, 139.5742768 35.836174)",
224319775,,,,residential,,False,True,36.51,"LINESTRING (139.5745071 35.8359394, 139.5744854 35.8359244, 139.5741994 35.8357259)",
118603139,,,,unclassified,,False,False,93.92699999999999,"LINESTRING (139.575601 35.8339042, 139.575778 35.8339472, 139.575863 35.8339713, 139.5759999 35.83407, 139.5760457 35.8340749, 139.5765199 35.8338694)",
118603139,,,,unclassified,,False,True,90.91799999999999,"LINESTRING (139.575601 35.8339042, 139.5754762 35.8339106, 139.575192 35.8339353, 139.5750185 35.8339971, 139.5748531 35.8340638, 139.5747093 35.8341049, 139.5746403 35.8341183)",
224319791,,,,residential,,False,False,110.969,"LINESTRING (139.575601 35.8339042, 139.5756008 35.8336235, 139.575627 35.8335975, 139.575818 35.8335834, 139.5758287 35.8334693, 139.575932 35.8333823, 139.5759837 35.8333164, 139.5761816 35.8331734)",
118603198,,,,unclassified,,False,True,14.148,"LINESTRING (139.5761816 35.8331734, 139.5762904 35.8332651)",
224319791,,,,residential,,False,True,110.96900000000001,"LINESTRING (139.5761816 35.8331734, 139.5759837 35.8333164, 139.575932 35.8333823, 139.5758287 35.8334693, 139.575818 35.8335834, 139.575627 35.8335975, 139.5756008 35.8336235, 139.575601 35.8339042)",
118033318,,,,unclassified,,False,False,38.089,"LINESTRING (139.5771882 35.8389295, 139.577307 35.8389824, 139.5774078 35.8390123, 139.5775839 35.8390412)",
1162958652,2,266,ふじみ野朝霞線,secondary,40,False,False,47.166,"LINESTRING (139.5771882 35.8389295, 139.5769412 35.8391559, 139.5768432 35.8392484)",
1162958652,2,266,ふじみ野朝霞線,secondary,40,False,True,11.69,"LINESTRING (139.5771882 35.8389295, 139.5772103 35.8389067, 139.5772738 35.8388506)",
118033262,,,,residential,,False,False,53.654,"LINESTRING (139.5780289 35.8390299, 139.5778682 35.8394945)",
118033318,,,,unclassified,,False,False,22.956,"LINESTRING (139.5780289 35.8390299, 139.5780833 35.839034, 139.5782818 35.839054)",
118033318,,,,unclassified,,False,True,19.974,"LINESTRING (139.5780289 35.8390299, 139.5779028 35.8390285, 139.5778078 35.8390362)",
118033318,,,,unclassified,,False,False,19.974,"LINESTRING (139.5778078 35.8390362, 139.5779028 35.8390285, 139.5780289 35.8390299)",
118033318,,,,unclassified,,False,True,20.206,"LINESTRING (139.5778078 35.8390362, 139.5777295 35.8390413, 139.5775839 35.8390412)",
224326883,,,,residential,,False,False,65.547,"LINESTRING (139.5778078 35.8390362, 139.5776739 35.8394471, 139.5778682 35.8394945)",
118033262,,,,residential,,False,False,29.054,"LINESTRING (139.5778682 35.8394945, 139.5777204 35.8397267)",
118033262,,,,residential,,False,True,53.654,"LINESTRING (139.5778682 35.8394945, 139.5780289 35.8390299)",
224326883,,,,residential,,False,False,23.745,"LINESTRING (139.5778682 35.8394945, 139.5781226 35.8395499)",
224326883,,,,residential,,False,True,65.547,"LINESTRING (139.5778682 35.8394945, 139.5776739 35.8394471, 139.5778078 35.8390362)",
118033322,,,,residential,,False,True,5.024,"LINESTRING (139.5785336 35.8396552, 139.5785181 35.8396986)",
224326883,,,,residential,,False,True,31.812,"LINESTRING (139.5785336 35.8396552, 139.5781955 35.8395732)",
1266828125,,,,residential,,False,False,12.958,"LINESTRING (139.5785336 35.8396552, 139.5785667 35.8395418)",
224326883,,,,residential,,False,False,7.064,"LINESTRING (139.5781226 35.8395499, 139.5781955 35.8395732)",
224326883,,,,residential,,False,True,23.745,"LINESTRING (139.5781226 35.8395499, 139.5778682 35.8394945)",
224326884,,,,residential,,False,False,56.980000000000004,"LINESTRING (139.5781226 35.8395499, 139.5781975 35.8393089, 139.5782818 35.839054)",
118033080,,,,residential,,False,False,34.512,"LINESTRING (139.5780806 35.8398319, 139.5777204 35.8397267)",
118033080,,,,residential,,False,True,33.849,"LINESTRING (139.5780806 35.8398319, 139.5784332 35.8399366)",
224326885,,,,residential,,False,False,30.574,"LINESTRING (139.5780806 35.8398319, 139.5781955 35.8395732)",
224326883,,,,residential,,False,False,31.812,"LINESTRING (139.5781955 35.8395732, 139.5785336 35.8396552)",
224326883,,,,residential,,False,True,7.064,"LINESTRING (139.5781955 35.8395732, 139.5781226 35.8395499)",
224326885,,,,residential,,False,True,30.574,"LINESTRING (139.5781955 35.8395732, 139.5780806 35.8398319)",
224326908,,,,residential,,False,False,25.039,"LINESTRING (139.5788433 35.8395211, 139.5785667 35.8395418)",
224326886,,,,residential,,False,False,33.083,"LINESTRING (139.5788433 35.8395211, 139.578857 35.8393754, 139.5788502 35.8392241)",
224326908,,,,residential,,False,True,62.263000000000005,"LINESTRING (139.5788433 35.8395211, 139.5789121 35.8395319, 139.5792795 35.8395667, 139.5794541 35.8394208)",
224326888,,,,residential,,False,False,43.086,"LINESTRING (139.5792756 35.8389929, 139.5797149 35.8391456)",
224326888,,,,residential,,False,True,22.04,"LINESTRING (139.5792756 35.8389929, 139.5790538 35.8389095)",
224326887,,,,residential,,False,True,44.339,"LINESTRING (139.5792756 35.8389929, 139.5792068 35.8391133, 139.5788831 35.8390694)",
224326888,,,,residential,,False,True,43.086,"LINESTRING (139.5797149 35.8391456, 139.5792756 35.8389929)",
224326908,,,,residential,,False,False,21.054,"LINESTRING (139.5797149 35.8391456, 139.5795768 35.8392983)",
224326908,,,,residential,,False,True,18.907,"LINESTRING (139.5797149 35.8391456, 139.5798222 35.8389995)",
118033272,,,,unclassified,,False,True,19.26,"LINESTRING (139.5791821 35.838771, 139.5790538 35.8389095)",
224326889,,,,residential,,False,False,63.046,"LINESTRING (139.5791821 35.838771, 139.5798222 35.8389995)",
118033272,,,,unclassified,,False,False,40.469,"LINESTRING (139.5791821 35.838771, 139.5791964 35.8387492, 139.5793278 35.8385687, 139.5793872 35.8384483)",
224326889,,,,residential,,False,True,63.046,"LINESTRING (139.5798222 35.8389995, 139.5791821 35.838771)",
224326908,,,,residential,,False,False,18.907,"LINESTRING (139.5798222 35.8389995, 139.5797149 35.8391456)",
224326908,,,,residential,,False,True,11.618,"LINESTRING (139.5798222 35.8389995, 139.5798777 35.8389052)",
224326890,,,,residential,,False,False,33.144,"LINESTRING (139.5793872 35.8384483, 139.5797315 35.8385529)",
118033272,,,,unclassified,,False,False,40.614000000000004,"LINESTRING (139.5793872 35.8384483, 139.5794136 35.8383947, 139.5794727 35.8382556, 139.5795156 35.838099)",
118033272,,,,unclassified,,False,True,40.469,"LINESTRING (139.5793872 35.8384483, 139.5793278 35.8385687, 139.5791964 35.8387492, 139.5791821 35.838771)",
224326890,,,,residential,,False,True,33.144,"LINESTRING (139.5797315 35.8385529, 139.5793872 35.8384483)",
224326893,,,,residential,,False,False,33.406,"LINESTRING (139.5797315 35.8385529, 139.5798348 35.8383888, 139.5799637 35.8384396)",
224326893,,,,residential,,False,True,52.647999999999996,"LINESTRING (139.5797315 35.8385529, 139.5796215 35.8387541, 139.5798978 35.8388726)",
118033713,,,,unclassified,,False,True,61.05,"LINESTRING (139.5801901 35.8381485, 139.5795156 35.838099)",
224326908,,,,residential,,False,False,4.053,"LINESTRING (139.5798978 35.8388726, 139.5798777 35.8389052)",
224326908,,,,residential,,False,True,12.463,"LINESTRING (139.5798978 35.8388726, 139.5799675 35.8387758)",
224326893,,,,residential,,False,False,52.647999999999996,"LINESTRING (139.5798978 35.8388726, 139.5796215 35.8387541, 139.5797315 35.8385529)",
224326893,,,,residential,,False,True,17.459,"LINESTRING (139.5801378 35.8385084, 139.5799637 35.8384396)",
224326893,,,,residential,,False,False,17.459,"LINESTRING (139.5799637 35.8384396, 139.5801378 35.8385084)",
224326895,,,,residential,,False,False,16.324,"LINESTRING (139.5799637 35.8384396, 139.579997 35.8382953)",
224326893,,,,residential,,False,True,33.406,"LINESTRING (139.5799637 35.8384396, 139.5798348 35.8383888, 139.5797315 35.8385529)",
224326895,,,,residential,,False,True,16.324,"LINESTRING (139.579997 35.8382953, 139.5799637 35.8384396)",
224326908,,,,residential,,False,True,21.054,"LINESTRING (139.5795768 35.8392983, 139.5797149 35.8391456)",
224326896,,,,residential,,False,False,89.15799999999999,"LINESTRING (139.5795768 35.8392983, 139.5798173 35.8394183, 139.5799474 35.8390791, 139.5799742 35.8389574, 139.5798777 35.8389052)",
224326908,,,,residential,,False,False,9.788,"LINESTRING (139.5795768 35.8392983, 139.579537 35.8393515, 139.5795148 35.83937)",
224326908,,,,residential,,False,False,11.618,"LINESTRING (139.5798777 35.8389052, 139.5798222 35.8389995)",
224326908,,,,residential,,False,True,4.053,"LINESTRING (139.5798777 35.8389052, 139.5798978 35.8388726)",
224326896,,,,residential,,False,True,89.158,"LINESTRING (139.5798777 35.8389052, 139.5799742 35.8389574, 139.5799474 35.8390791, 139.5798173 35.8394183, 139.5795768 35.8392983)",
118033322,,,,residential,,False,False,5.024,"LINESTRING (139.5785181 35.8396986, 139.5785336 35.8396552)",
118033322,,,,residential,,False,True,27.549,"LINESTRING (139.5785181 35.8396986, 139.5784332 35.8399366)",
224326897,,,,residential,,False,False,68.607,"LINESTRING (139.5785181 35.8396986, 139.5792554 35.8398517)",
224326897,,,,residential,,False,True,30.995,"LINESTRING (139.5796374 35.8399023, 139.5792986 35.8398547)",
224326898,,,,residential,,False,False,12.277,"LINESTRING (139.5796374 35.8399023, 139.579711 35.8398094)",
224326898,,,,residential,,False,True,35.83,"LINESTRING (139.5796374 35.8399023, 139.5794136 35.8401686)",
224326908,,,,residential,,False,True,7.864,"LINESTRING (139.5794541 35.8394208, 139.5795148 35.83937)",
224326898,,,,residential,,False,True,64.005,"LINESTRING (139.5794541 35.8394208, 139.5798294 35.8396227, 139.5797798 35.8397173, 139.5797191 35.8397985, 139.579711 35.8398094)",
224326908,,,,residential,,False,False,62.263000000000005,"LINESTRING (139.5794541 35.8394208, 139.5792795 35.8395667, 139.5789121 35.8395319, 139.5788433 35.8395211)",
118033215,,,,residential,,False,False,33.709,"LINESTRING (139.5791608 35.8403919, 139.5792541 35.8403142, 139.5794136 35.8401686)",
118033215,,,,residential,,False,True,34.269000000000005,"LINESTRING (139.5791608 35.8403919, 139.5789013 35.8405968, 139.5788888 35.8406072)",
224326899,,,,residential,,False,True,77.53,"LINESTRING (139.5791608 35.8403919, 139.5786636 35.8402767, 139.5783349 35.8401973)",
118033262,,,,residential,,False,False,2.402,"LINESTRING (139.5775413 35.8399408, 139.5775341 35.8399616)",
555747304,,,,residential,,False,False,37.505,"LINESTRING (139.5775413 35.8399408, 139.5771371 35.8398608)",
118033262,,,,residential,,False,True,28.808,"LINESTRING (139.5775413 35.8399408, 139.5775951 35.8398646, 139.5777204 35.8397267)",
118033262,,,,residential,,False,True,4.941,"LINESTRING (139.5773719 35.8407836, 139.5773697 35.8407392)",
224326900,,,,residential,,False,False,65.862,"LINESTRING (139.5773719 35.8407836, 139.5780597 35.8409835)",
118033262,,,,residential,,False,False,37.84,"LINESTRING (139.5773719 35.8407836, 139.5773459 35.8409745, 139.5774002 35.8410412, 139.5774546 35.8410934)",
118033322,,,,residential,,False,False,7.513,"LINESTRING (139.5780597 35.8409835, 139.5780829 35.8409186)",
118033322,,,,residential,,False,True,31.472,"LINESTRING (139.5780597 35.8409835, 139.5779649 35.8412559)",
224326900,,,,residential,,False,True,65.862,"LINESTRING (139.5780597 35.8409835, 139.5773719 35.8407836)",
118033262,,,,residential,,False,False,11.315,"LINESTRING (139.577374 35.8406375, 139.5773697 35.8407392)",
118033262,,,,residential,,False,True,15.558,"LINESTRING (139.577374 35.8406375, 139.5773873 35.840498)",
224326901,,,,residential,,False,False,70.266,"LINESTRING (139.577374 35.8406375, 139.5781043 35.8408585)",
118033322,,,,residential,,False,False,15.61,"LINESTRING (139.5781043 35.8408585, 139.5781505 35.8407232)",
118033322,,,,residential,,False,True,6.956,"LINESTRING (139.5781043 35.8408585, 139.5780829 35.8409186)",
224326901,,,,residential,,False,True,70.266,"LINESTRING (139.5781043 35.8408585, 139.577374 35.8406375)",
118033322,,,,residential,,False,False,30.126,"LINESTRING (139.5781505 35.8407232, 139.5782453 35.8404634)",
118033322,,,,residential,,False,True,15.61,"LINESTRING (139.5781505 35.8407232, 139.5781043 35.8408585)",
224326902,,,,residential,,False,True,73.211,"LINESTRING (139.5781505 35.8407232, 139.5773873 35.840498)",
224326903,,,,residential,,False,False,19.142,"LINESTRING (139.5781505 35.8407232, 139.5783549 35.8407699)",
118033215,,,,residential,,False,False,34.713,"LINESTRING (139.5786193 35.8408302, 139.5788888 35.8406072)",
224326903,,,,residential,,False,True,24.758,"LINESTRING (139.5786193 35.8408302, 139.5783549 35.8407699)",
"[118033262, 118033215]",,,,residential,,False,True,82.36299999999999,"LINESTRING (139.5786193 35.8408302, 139.5783797 35.8410284, 139.5780764 35.8412968, 139.5779649 35.8412559)",
118033322,,,,residential,,False,False,30.671,"LINESTRING (139.5782453 35.8404634, 139.5783349 35.8401973)",
118033322,,,,residential,,False,True,30.126,"LINESTRING (139.5782453 35.8404634, 139.5781505 35.8407232)",
224326904,,,,residential,,False,False,77.367,"LINESTRING (139.5782453 35.8404634, 139.5774395 35.8402238)",
224326904,,,,residential,,False,True,60.169,"LINESTRING (139.5782453 35.8404634, 139.5788888 35.8406072)",
224326904,,,,residential,,False,True,77.367,"LINESTRING (139.5774395 35.8402238, 139.5782453 35.8404634)",
118033262,,,,residential,,False,False,30.878,"LINESTRING (139.5774395 35.8402238, 139.5774084 35.840349, 139.5773873 35.840498)",
118033262,,,,residential,,False,True,17.804000000000002,"LINESTRING (139.5774395 35.8402238, 139.5774551 35.8401672, 139.5774963 35.8400707)",
118033215,,,,residential,,False,True,34.713,"LINESTRING (139.5788888 35.8406072, 139.5786193 35.8408302)",
224326904,,,,residential,,False,False,60.169,"LINESTRING (139.5788888 35.8406072, 139.5782453 35.8404634)",
118033215,,,,residential,,False,False,34.269000000000005,"LINESTRING (139.5788888 35.8406072, 139.5789013 35.8405968, 139.5791608 35.8403919)",
1162958652,2,266,ふじみ野朝霞線,secondary,40,False,False,3.693,"LINESTRING (139.5768432 35.8392484, 139.5768168 35.8392738)",
224326905,,,,residential,,False,True,56.897999999999996,"LINESTRING (139.5768432 35.8392484, 139.5771371 35.8393143, 139.5770491 35.839569)",
1162958652,2,266,ふじみ野朝霞線,secondary,40,False,True,47.166,"LINESTRING (139.5768432 35.8392484, 139.5769412 35.8391559, 139.5771882 35.8389295)",
1264448717,,,,unclassified,,False,False,10.266,"LINESTRING (139.5800775 35.8387997, 139.5799675 35.8387758)",
224326916,,,,residential,,False,False,24.516,"LINESTRING (139.577071 35.841767, 139.5770113 35.8415519)",
224326916,,,,residential,,False,True,11.283,"LINESTRING (139.577071 35.841767, 139.5770979 35.8418661)",
224326917,,,,residential,,False,False,46.852999999999994,"LINESTRING (139.577071 35.841767, 139.5768667 35.8418129, 139.5765637 35.8418567)",
186553604,,,,residential,,False,True,49.261,"LINESTRING (139.5770113 35.8415519, 139.5764832 35.8416659)",
224326916,,,,residential,,False,False,9.911,"LINESTRING (139.5770113 35.8415519, 139.5769838 35.8414656)",
224326916,,,,residential,,False,True,24.516,"LINESTRING (139.5770113 35.8415519, 139.577071 35.841767)",
224326916,,,,residential,,False,True,19.951,"LINESTRING (139.5769212 35.8412935, 139.5769838 35.8414656)",
224326920,,,,residential,,False,False,51.247,"LINESTRING (139.5769212 35.8412935, 139.5763682 35.8414005)",
224326916,,,,residential,,False,False,24.586,"LINESTRING (139.5769212 35.8412935, 139.5768933 35.841242, 139.5767545 35.8411215)",
224326916,,,,residential,,False,False,55.422,"LINESTRING (139.5767545 35.8411215, 139.5766388 35.8410249, 139.5765169 35.8408331, 139.576646 35.8407655, 139.57665 35.8407423)",
224326916,,,,residential,,False,True,24.586,"LINESTRING (139.5767545 35.8411215, 139.5768933 35.841242, 139.5769212 35.8412935)",
224326918,,,,residential,,False,False,21.79,"LINESTRING (139.5767545 35.8411215, 139.5766632 35.8411373, 139.5765164 35.8411548)",
224326916,,,,residential,,False,True,26.356,"LINESTRING (139.576044 35.8408512, 139.5760591 35.8408212, 139.5761173 35.8407491, 139.5762224 35.8406668)",
224326921,,,,residential,,False,False,43.744,"LINESTRING (139.576044 35.8408512, 139.5761647 35.8410475, 139.5762602 35.8412034)",
"[224326921, 118604019, 118033643]",,,,"['residential', 'unclassified']",,False,True,89.245,"LINESTRING (139.576044 35.8408512, 139.575984 35.8407827, 139.5758754 35.840658, 139.5758398 35.8406176, 139.5754701 35.8401972)",yes
224326922,,,,residential,,False,False,28.943,"LINESTRING (139.576044 35.8408512, 139.5760116 35.840912, 139.5759714 35.8409694, 139.5758893 35.8410788)",
224326921,,,,residential,,False,True,22.423,"LINESTRING (139.5765637 35.8418567, 139.5764832 35.8416659)",
224326917,,,,residential,,False,False,67.88499999999999,"LINESTRING (139.5765637 35.8418567, 139.5764351 35.841875, 139.5760536 35.8419292, 139.5760142 35.8417412)",
224326917,,,,residential,,False,True,46.852999999999994,"LINESTRING (139.5765637 35.8418567, 139.5768667 35.8418129, 139.577071 35.841767)",
186553604,,,,residential,,False,False,43.096,"LINESTRING (139.5760142 35.8417412, 139.5764832 35.8416659)",
224326917,,,,residential,,False,False,21.843,"LINESTRING (139.5760142 35.8417412, 139.575923 35.8415592)",
186553604,,,,residential,,False,True,104.152,"LINESTRING (139.5760142 35.8417412, 139.5755652 35.841891, 139.5754918 35.8417699, 139.575923 35.8415592)",
224326917,,,,residential,,False,True,67.885,"LINESTRING (139.5760142 35.8417412, 139.5760536 35.8419292, 139.5764351 35.841875, 139.5765637 35.8418567)",
186553604,,,,residential,,False,True,20.72,"LINESTRING (139.575923 35.8415592, 139.5761306 35.8414792)",
224326917,,,,residential,,False,True,21.843,"LINESTRING (139.575923 35.8415592, 139.5760142 35.8417412)",
186553604,,,,residential,,False,False,104.152,"LINESTRING (139.575923 35.8415592, 139.5754918 35.8417699, 139.5755652 35.841891, 139.5760142 35.8417412)",
224326917,,,,residential,,False,False,35.718,"LINESTRING (139.575923 35.8415592, 139.5758798 35.8415008, 139.5756782 35.8413075)",
224326917,,,,residential,,False,True,35.718,"LINESTRING (139.5756782 35.8413075, 139.5758798 35.8415008, 139.575923 35.8415592)",
224326922,,,,residential,,False,False,99.62,"LINESTRING (139.5756782 35.8413075, 139.5755152 35.8414547, 139.5753094 35.8415731, 139.5752097 35.8416202, 139.5749244 35.8417344, 139.5747627 35.8417891)",
224326922,,,,residential,,False,True,31.795,"LINESTRING (139.5756782 35.8413075, 139.5758118 35.8411735, 139.5758893 35.8410788)",
224326918,,,,residential,,False,True,23.718,"LINESTRING (139.5762602 35.8412034, 139.5765164 35.8411548)",
224326921,,,,residential,,False,False,23.981,"LINESTRING (139.5762602 35.8412034, 139.5763682 35.8414005)",
224326921,,,,residential,,False,True,43.744,"LINESTRING (139.5762602 35.8412034, 139.5761647 35.8410475, 139.576044 35.8408512)",
224326918,,,,residential,,False,False,23.718,"LINESTRING (139.5765164 35.8411548, 139.5762602 35.8412034)",
224326919,,,,residential,,False,False,60.389,"LINESTRING (139.5765164 35.8411548, 139.5762224 35.8406668)",
224326918,,,,residential,,False,True,21.79,"LINESTRING (139.5765164 35.8411548, 139.5766632 35.8411373, 139.5767545 35.8411215)",
224326919,,,,residential,,False,True,60.389,"LINESTRING (139.5762224 35.8406668, 139.5765164 35.8411548)",
224326916,,,,residential,,False,False,26.356,"LINESTRING (139.5762224 35.8406668, 139.5761173 35.8407491, 139.5760591 35.8408212, 139.576044 35.8408512)",
224326916,,,,residential,,False,True,47.418000000000006,"LINESTRING (139.5762224 35.8406668, 139.5762478 35.8406507, 139.5763374 35.8406027, 139.5763924 35.8405979, 139.576483 35.840614, 139.5765562 35.8406442, 139.5765978 35.8406737, 139.5766332 35.8407069, 139.57665 35.8407423)",
186553604,,,,residential,,False,False,49.261,"LINESTRING (139.5764832 35.8416659, 139.5770113 35.8415519)",
186553604,,,,residential,,False,True,43.096,"LINESTRING (139.5764832 35.8416659, 139.5760142 35.8417412)",
224326921,,,,residential,,False,False,22.423,"LINESTRING (139.5764832 35.8416659, 139.5765637 35.8418567)",
224326921,,,,residential,,False,True,31.279,"LINESTRING (139.5764832 35.8416659, 139.5763682 35.8414005)",
224326923,,,,residential,,False,True,49.551,"LINESTRING (139.5758893 35.8410788, 139.5761306 35.8414792)",
224326922,,,,residential,,False,False,31.795,"LINESTRING (139.5758893 35.8410788, 139.5758118 35.8411735, 139.5756782 35.8413075)",
224326922,,,,residential,,False,True,28.943000000000005,"LINESTRING (139.5758893 35.8410788, 139.5759714 35.8409694, 139.5760116 35.840912, 139.576044 35.8408512)",
224326922,,,,residential,,False,True,99.62,"LINESTRING (139.5747627 35.8417891, 139.5749244 35.8417344, 139.5752097 35.8416202, 139.5753094 35.8415731, 139.5755152 35.8414547, 139.5756782 35.8413075)",
224331184,,,,residential,,False,True,54.019,"LINESTRING (139.574151 35.8409207, 139.574457 35.8413384)",
1162958652,2,266,ふじみ野朝霞線,secondary,40,False,True,20.633,"LINESTRING (139.574151 35.8409207, 139.5743427 35.8408193)",
224331184,,,,residential,,False,False,54.019,"LINESTRING (139.574457 35.8413384, 139.574151 35.8409207)",
224331184,,,,residential,,False,True,102.18100000000001,"LINESTRING (139.574457 35.8413384, 139.5745271 35.8414343, 139.5747306 35.8413623, 139.5743427 35.8408193)",
224331185,,,,residential,,False,False,21.331999999999997,"LINESTRING (139.574457 35.8413384, 139.5742673 35.8414236, 139.5742482 35.8414278)",
1258909381,,,,residential,,False,True,28.226,"LINESTRING (139.5740935 35.8412071, 139.5742482 35.8414278)",
118033314,,,,residential,,False,False,27.59,"LINESTRING (139.5744809 35.8402517, 139.5744081 35.8404927)",
118033314,,,,residential,,False,True,26.868,"LINESTRING (139.5744809 35.8402517, 139.5745476 35.8400162)",
224331194,,,,residential,,False,False,60.612,"LINESTRING (139.5744809 35.8402517, 139.5750606 35.8403643, 139.5751328 35.8403843)",
118033314,,,,residential,,False,False,18.383,"LINESTRING (139.5744081 35.8404927, 139.5743623 35.8406538)",
118033314,,,,residential,,False,True,27.59,"LINESTRING (139.5744081 35.8404927, 139.5744809 35.8402517)",
118033314,,,,residential,,False,True,18.383,"LINESTRING (139.5743623 35.8406538, 139.5744081 35.8404927)",
118033314,,,,residential,,False,False,18.662,"LINESTRING (139.5743623 35.8406538, 139.5743369 35.8407504, 139.5743427 35.8408193)",
118033418,,,,unclassified,,False,False,17.751,"LINESTRING (139.5751721 35.8401349, 139.575215 35.8399791)",
224331197,,,,residential,,False,True,57.82,"LINESTRING (139.5751721 35.8401349, 139.5745476 35.8400162)",
118033418,,,,unclassified,,False,True,28.198,"LINESTRING (139.5751721 35.8401349, 139.5751255 35.8403141, 139.5751328 35.8403843)",
118033314,,,,residential,,False,False,17.667,"LINESTRING (139.5745933 35.8398617, 139.5745476 35.8400162)",
118033314,,,,residential,,False,True,18.44,"LINESTRING (139.5745933 35.8398617, 139.5746403 35.8397003)",
224331200,,,,residential,,False,False,57.541,"LINESTRING (139.5745933 35.8398617, 139.575215 35.8399791)",
224331201,,,,residential,,False,True,44.634,"LINESTRING (139.5756963 35.8400734, 139.575215 35.8399791)",
1162958652,2,266,ふじみ野朝霞線,secondary,40,False,False,24.602,"LINESTRING (139.5756963 35.8400734, 139.5754701 35.8401972)",
1162958652,2,266,ふじみ野朝霞線,secondary,40,False,True,62.659,"LINESTRING (139.5756963 35.8400734, 139.5760076 35.8399086, 139.5761919 35.839807, 139.5762709 35.8397567)",
118033426,,,,unclassified,,False,False,18.604,"LINESTRING (139.5740223 35.839582, 139.5740704 35.8394193)",
224331202,,,,residential,,False,False,57.239,"LINESTRING (139.5740223 35.839582, 139.5746403 35.8397003)",
118033418,,,,unclassified,,False,False,18.045,"LINESTRING (139.5752597 35.8398188, 139.5753043 35.8396606)",
118033418,,,,unclassified,,False,True,18.274,"LINESTRING (139.5752597 35.8398188, 139.575215 35.8399791)",
224331202,,,,residential,,False,True,57.367,"LINESTRING (139.5752597 35.8398188, 139.5746403 35.8397003)",
118033426,,,,unclassified,,False,False,17.192,"LINESTRING (139.5740704 35.8394193, 139.5741141 35.8392688)",
118033426,,,,unclassified,,False,True,18.604,"LINESTRING (139.5740704 35.8394193, 139.5740223 35.839582)",
224331204,,,,residential,,False,False,57.276,"LINESTRING (139.5740704 35.8394193, 139.5746882 35.8395397)",
118033314,,,,residential,,False,False,18.373,"LINESTRING (139.5746882 35.8395397, 139.5746403 35.8397003)",
118033314,,,,residential,,False,True,17.968,"LINESTRING (139.5746882 35.8395397, 139.5747311 35.8393819)",
224331204,,,,residential,,False,False,57.14,"LINESTRING (139.5746882 35.8395397, 139.5753043 35.8396606)",
224331204,,,,residential,,False,True,57.276,"LINESTRING (139.5746882 35.8395397, 139.5740704 35.8394193)",
118033418,,,,unclassified,,False,False,18.455,"LINESTRING (139.5753043 35.8396606, 139.5753499 35.8394988)",
118033418,,,,unclassified,,False,True,18.045,"LINESTRING (139.5753043 35.8396606, 139.5752597 35.8398188)",
224331204,,,,residential,,False,True,57.14,"LINESTRING (139.5753043 35.8396606, 139.5746882 35.8395397)",
"[118033373, 224331205]",,,,residential,,False,"[False, True]",66.533,"LINESTRING (139.5753043 35.8396606, 139.5759076 35.8397749, 139.5759339 35.8396812)",
118033426,,,,unclassified,,False,False,11.355,"LINESTRING (139.5741141 35.8392688, 139.5741419 35.8391692)",
118033426,,,,unclassified,,False,True,17.192,"LINESTRING (139.5741141 35.8392688, 139.5740704 35.8394193)",
224331206,,,,residential,,False,False,57.063,"LINESTRING (139.5741141 35.8392688, 139.5747061 35.8393812, 139.5747311 35.8393819)",
118033314,,,,residential,,False,False,17.968,"LINESTRING (139.5747311 35.8393819, 139.5746882 35.8395397)",
118033314,,,,residential,,False,True,11.105,"LINESTRING (139.5747311 35.8393819, 139.5747572 35.8392843)",
224331206,,,,residential,,False,False,57.312,"LINESTRING (139.5747311 35.8393819, 139.5747529 35.8393825, 139.5753499 35.8394988)",
224331206,,,,residential,,False,True,57.063,"LINESTRING (139.5747311 35.8393819, 139.5747061 35.8393812, 139.5741141 35.8392688)",
118033373,,,,residential,,False,False,7.595,"LINESTRING (139.5759526 35.8396146, 139.5759339 35.8396812)",
118033373,,,,residential,,False,True,18.233,"LINESTRING (139.5759526 35.8396146, 139.5759974 35.8394547)",
224331207,,,,residential,,False,True,55.833,"LINESTRING (139.5759526 35.8396146, 139.5753499 35.8394988)",
118033426,,,,unclassified,,False,False,36.086,"LINESTRING (139.5741419 35.8391692, 139.574232 35.838853)",
118033426,,,,unclassified,,False,True,11.355,"LINESTRING (139.5741419 35.8391692, 139.5741141 35.8392688)",
224331208,,,,residential,,False,False,27.578,"LINESTRING (139.5741419 35.8391692, 139.57444 35.839225)",
118033314,,,,residential,,False,False,11.105,"LINESTRING (139.5747572 35.8392843, 139.5747311 35.8393819)",
118033314,,,,residential,,False,True,16.097,"LINESTRING (139.5747572 35.8392843, 139.5747949 35.8391428)",
224331208,,,,residential,,False,True,29.343,"LINESTRING (139.5747572 35.8392843, 139.57444 35.839225)",
224331208,,,,residential,,False,False,29.343,"LINESTRING (139.57444 35.839225, 139.5747572 35.8392843)",
224331208,,,,residential,,False,True,27.578,"LINESTRING (139.57444 35.839225, 139.5741419 35.8391692)",
224331209,,,,residential,,False,False,52.858000000000004,"LINESTRING (139.57444 35.839225, 139.5745026 35.8390215, 139.5745748 35.8387624)",
118033500,,,,unclassified,,False,False,27.697,"LINESTRING (139.5745748 35.8387624, 139.574282 35.8388379)",
118033500,,,,unclassified,,False,True,6.378,"LINESTRING (139.5745748 35.8387624, 139.5746419 35.8387442)",
224331209,,,,residential,,False,True,52.858000000000004,"LINESTRING (139.5745748 35.8387624, 139.5745026 35.8390215, 139.57444 35.839225)",
118033314,,,,residential,,False,False,16.097,"LINESTRING (139.5747949 35.8391428, 139.5747572 35.8392843)",
118033314,,,,residential,,False,True,27.599,"LINESTRING (139.5747949 35.8391428, 139.5748629 35.8389008)",
224331210,,,,residential,,False,False,57.692,"LINESTRING (139.5747949 35.8391428, 139.5754175 35.839263)",
118033418,,,,unclassified,,False,False,9.358,"LINESTRING (139.5754175 35.839263, 139.5754419 35.8391812)",
118033418,,,,unclassified,,False,True,9.624,"LINESTRING (139.5754175 35.839263, 139.5753928 35.8393472)",
224331210,,,,residential,,False,True,57.692,"LINESTRING (139.5754175 35.839263, 139.5747949 35.8391428)",
118033418,,,,unclassified,,False,False,9.624,"LINESTRING (139.5753928 35.8393472, 139.5754175 35.839263)",
118033418,,,,unclassified,,False,True,17.295,"LINESTRING (139.5753928 35.8393472, 139.5753499 35.8394988)",
224331211,,,,residential,,False,False,55.795,"LINESTRING (139.5753928 35.8393472, 139.5759974 35.8394547)",
118033373,,,,residential,,False,False,18.233,"LINESTRING (139.5759974 35.8394547, 139.5759526 35.8396146)",
118033373,,,,residential,,False,True,8.141,"LINESTRING (139.5759974 35.8394547, 139.5760174 35.8393833)",
224331211,,,,residential,,False,True,55.795,"LINESTRING (139.5759974 35.8394547, 139.5753928 35.8393472)",
118033418,,,,unclassified,,False,False,18.377,"LINESTRING (139.5754419 35.8391812, 139.5754925 35.8390211)",
118033418,,,,unclassified,,False,True,9.358,"LINESTRING (139.5754419 35.8391812, 139.5754175 35.839263)",
224331212,,,,residential,,False,False,55.569,"LINESTRING (139.5754419 35.8391812, 139.5760419 35.8392959)",
118033373,,,,residential,,False,False,9.966,"LINESTRING (139.5760419 35.8392959, 139.5760174 35.8393833)",
118033373,,,,residential,,False,True,17.881,"LINESTRING (139.5760419 35.8392959, 139.5760859 35.8391391)",
224331212,,,,residential,,False,True,55.569,"LINESTRING (139.5760419 35.8392959, 139.5754419 35.8391812)",
118033373,,,,residential,,False,False,8.141,"LINESTRING (139.5760174 35.8393833, 139.5759974 35.8394547)",
118033373,,,,residential,,False,True,9.966,"LINESTRING (139.5760174 35.8393833, 139.5760419 35.8392959)",
224331213,,,,residential,,False,False,53.332,"LINESTRING (139.5760174 35.8393833, 139.5762056 35.8394187, 139.5765938 35.8394915)",
118033251,,,,unclassified,,False,False,35.877,"LINESTRING (139.5765961 35.8387725, 139.5762033 35.8387205)",
118033251,,,,unclassified,,False,True,61.704,"LINESTRING (139.5765961 35.8387725, 139.5772738 35.8388506)",
224331214,,,,residential,,False,True,66.2,"LINESTRING (139.5765961 35.8387725, 139.5765212 35.8390391, 139.5761339 35.838968)",
118033505,,,,unclassified,,False,False,19.704,"LINESTRING (139.5755425 35.8388486, 139.5754925 35.8390211)",
118033505,,,,unclassified,,False,True,23.467,"LINESTRING (139.5755425 35.8388486, 139.5756023 35.8386432)",
224331215,,,,residential,,False,False,54.938,"LINESTRING (139.5755425 35.8388486, 139.5761339 35.838968)",
1162958652,2,266,ふじみ野朝霞線,secondary,40,False,False,25.506,"LINESTRING (139.5774701 35.8386854, 139.5772738 35.8388506)",
224331217,,,,residential,,False,False,64.168,"LINESTRING (139.5774701 35.8386854, 139.5772631 35.8385898, 139.5767964 35.8385244)",
1162958652,2,266,ふじみ野朝霞線,secondary,40,False,True,65.799,"LINESTRING (139.5774701 35.8386854, 139.5775966 35.8385747, 139.5778264 35.8383782, 139.57797 35.8382542)",
224331217,,,,residential,,False,False,29.235,"LINESTRING (139.5760042 35.8384263, 139.5759552 35.8386862)",
224331217,,,,residential,,False,True,72.245,"LINESTRING (139.5760042 35.8384263, 139.5763288 35.8384622, 139.5767964 35.8385244)",
224331219,,,,residential,,False,False,102.529,"LINESTRING (139.5760042 35.8384263, 139.5752371 35.8383275, 139.5748898 35.8384064)",
118033721,,,,unclassified,,False,False,32.169,"LINESTRING (139.5759552 35.8386862, 139.5756023 35.8386432)",
118033721,,,,unclassified,,False,True,22.687,"LINESTRING (139.5759552 35.8386862, 139.5762033 35.8387205)",
224331217,,,,residential,,False,True,29.235,"LINESTRING (139.5759552 35.8386862, 139.5760042 35.8384263)",
118033375,,,,residential,,False,True,37.996,"LINESTRING (139.574958 35.8380692, 139.5748898 35.8384064)",
118033375,,,,residential,,False,False,36.7,"LINESTRING (139.574958 35.8380692, 139.5750006 35.837836, 139.5751157 35.8378497)",
224331221,,,,residential,,False,False,170.993,"LINESTRING (139.574958 35.8380692, 139.5760919 35.8382087, 139.5768328 35.8383033)",
224331222,,,,residential,,False,False,24.803,"LINESTRING (139.5767964 35.8385244, 139.5768328 35.8383033)",
224331217,,,,residential,,False,False,72.245,"LINESTRING (139.5767964 35.8385244, 139.5763288 35.8384622, 139.5760042 35.8384263)",
224331217,,,,residential,,False,True,64.168,"LINESTRING (139.5767964 35.8385244, 139.5772631 35.8385898, 139.5774701 35.8386854)",
224331222,,,,residential,,False,True,24.803,"LINESTRING (139.5768328 35.8383033, 139.5767964 35.8385244)",
224331221,,,,residential,,False,True,170.993,"LINESTRING (139.5768328 35.8383033, 139.5760919 35.8382087, 139.574958 35.8380692)",
224331222,,,,residential,,False,False,27.532,"LINESTRING (139.5768328 35.8383033, 139.5768361 35.8382762, 139.5768295 35.8382045, 139.5768076 35.8380571)",
"[118033266, 224331222]",,,,residential,,False,False,66.604,"LINESTRING (139.5768076 35.8380571, 139.5767543 35.8379332, 139.5767181 35.8378716, 139.5766653 35.8378169, 139.5764432 35.8377885, 139.5762634 35.837764)",
224331222,,,,residential,,False,True,27.532,"LINESTRING (139.5768076 35.8380571, 139.5768295 35.8382045, 139.5768361 35.8382762, 139.5768328 35.8383033)",
224331224,,,,residential,,False,False,154.253,"LINESTRING (139.5768076 35.8380571, 139.5761928 35.8379877, 139.5751157 35.8378497)",
118033266,,,,residential,,False,False,26.125,"LINESTRING (139.5762634 35.837764, 139.5759772 35.837727)",
"[118033266, 224331222]",,,,residential,,False,True,66.604,"LINESTRING (139.5762634 35.837764, 139.5764432 35.8377885, 139.5766653 35.8378169, 139.5767181 35.8378716, 139.5767543 35.8379332, 139.5768076 35.8380571)",
"[555747284, 1252194045]",,,,unclassified,,False,"[False, True]",274.349,"LINESTRING (139.5762634 35.837764, 139.5763026 35.8374729, 139.5763237 35.8374462, 139.5769307 35.8373893, 139.5775099 35.8373232, 139.5778644 35.8372503, 139.5782206 35.8371275, 139.5785618 35.8369751, 139.5787749 35.8368739, 139.5788221 35.8368468)",
118033500,,,,unclassified,,False,False,4.81,"LINESTRING (139.574282 35.8388379, 139.574232 35.838853)",
118033500,,,,unclassified,,False,True,27.697,"LINESTRING (139.574282 35.8388379, 139.5745748 35.8387624)",
224331227,,,,residential,,False,False,62.681,"LINESTRING (139.574282 35.8388379, 139.5742625 35.8385083, 139.5742585 35.8382746)",
224331227,,,,residential,,False,False,73.38300000000001,"LINESTRING (139.5742585 35.8382746, 139.5742913 35.8381026, 139.5743063 35.838027, 139.5743084 35.8380166, 139.5743868 35.8376229)",
224331227,,,,residential,,False,True,62.681,"LINESTRING (139.5742585 35.8382746, 139.5742625 35.8385083, 139.574282 35.8388379)",
1252194047,,,,residential,,False,True,21.127000000000002,"LINESTRING (139.5742585 35.8382746, 139.5741555 35.8382921, 139.5740275 35.838306)",
224331234,,,,residential,,False,True,26.093,"LINESTRING (139.5743868 35.8376229, 139.5740974 35.837618)",
224331227,,,,residential,,False,True,73.38300000000001,"LINESTRING (139.5743868 35.8376229, 139.5743084 35.8380166, 139.5743063 35.838027, 139.5742913 35.8381026, 139.5742585 35.8382746)",
"[224331234, 118033454]",,,,residential,,False,"[False, True]",22.783,"LINESTRING (139.5743868 35.8376229, 139.5745364 35.8376087, 139.5745575 35.8376897)",
224331229,,,,residential,,False,False,62.803,"LINESTRING (139.5740537 35.8388704, 139.5740275 35.838306)",
118033086,,,,unclassified,,False,True,16.221,"LINESTRING (139.5740537 35.8388704, 139.5741223 35.8388682, 139.574232 35.838853)",
224331229,,,,residential,,False,True,62.803,"LINESTRING (139.5740275 35.838306, 139.5740537 35.8388704)",
1252194047,,,,residential,,False,False,21.127000000000002,"LINESTRING (139.5740275 35.838306, 139.5741555 35.8382921, 139.5742585 35.8382746)",
224722469,,,,residential,,False,False,120.355,"LINESTRING (139.5820535 35.8404611, 139.5821744 35.8405271, 139.5821731 35.8405783, 139.583173 35.8409985)",
224722470,,,,unclassified,,False,False,59.60000000000001,"LINESTRING (139.5820535 35.8404611, 139.5818915 35.8406224, 139.5818697 35.840673, 139.581878 35.8407156, 139.5818923 35.8407583, 139.5819759 35.8409326)",
224722470,,,,unclassified,,False,True,126.76499999999999,"LINESTRING (139.5820535 35.8404611, 139.5822485 35.8402978, 139.5824875 35.8401073, 139.5825598 35.8400518, 139.5826002 35.8400047, 139.5826966 35.8397967, 139.5827235 35.8397358, 139.5827788 35.8396318, 139.582861 35.8395535)",
1156857707,,,,residential,,False,True,28.21,"LINESTRING (139.5842 35.8414271, 139.5842002 35.8416808)",
1161969213,,,,residential,,False,False,21.593,"LINESTRING (139.5842 35.8414271, 139.5844306 35.8414797)",
1161969213,,,,residential,,False,True,25.611,"LINESTRING (139.5842 35.8414271, 139.584172 35.8411979)",
1161969213,,,,residential,,False,True,21.593,"LINESTRING (139.5844306 35.8414797, 139.5842 35.8414271)",
224713073,,,,unclassified,,False,False,28.475,"LINESTRING (139.5844306 35.8414797, 139.5844948 35.841364, 139.5845536 35.8412439)",
118604166,,,,unclassified,,False,False,34.939,"LINESTRING (139.5837702 35.8365498, 139.5840556 35.8366482, 139.5840934 35.836703)",
224722479,,,,unclassified,,False,False,88.207,"LINESTRING (139.5837702 35.8365498, 139.583878 35.8363945, 139.5840316 35.8363483, 139.5842171 35.836402, 139.5842264 35.8364313, 139.5841832 35.8365195, 139.5840934 35.836703)",
118604166,,,,unclassified,,False,True,132.11399999999998,"LINESTRING (139.5837702 35.8365498, 139.5834207 35.8364346, 139.5835465 35.8361788, 139.5836365 35.8360329, 139.5836876 35.8359455, 139.5838839 35.8356371)",
118604183,,,,residential,,False,True,78.635,"LINESTRING (139.5842454 35.8349935, 139.5838839 35.8356371)",
"[472873559, 118604183]",,,,residential,,False,False,79.52699999999999,"LINESTRING (139.5842454 35.8349935, 139.5844456 35.8346216, 139.5845977 35.8343378)",
472871059,,,,residential,,False,False,28.319,"LINESTRING (139.5850428 35.8341396, 139.5847892 35.8339893)",
224722529,,,,residential,,False,False,85.371,"LINESTRING (139.5825744 35.8374641, 139.5826229 35.8373362, 139.5826691 35.8372147, 139.582835 35.8367775, 139.5828529 35.8367303)",
186553607,2,36;40,いろは通り,primary,40,False,False,82.53,"LINESTRING (139.5828529 35.8367303, 139.5829664 35.836772, 139.5830905 35.8368175, 139.5832572 35.8368963, 139.5834368 35.8369894, 139.58365 35.837093)",
186553607,2,36;40,いろは通り,primary,40,False,True,53.326,"LINESTRING (139.5828529 35.8367303, 139.5827414 35.8366923, 139.5826341 35.8366634, 139.5825522 35.8366454, 139.582416 35.8366156, 139.5822898 35.8365853)",
224722529,,,,residential,,False,True,85.37100000000001,"LINESTRING (139.5828529 35.8367303, 139.582835 35.8367775, 139.5826691 35.8372147, 139.5826229 35.8373362, 139.5825744 35.8374641)",
118604164,,,,residential,,False,False,20.799,"LINESTRING (139.5818463 35.8343261, 139.581921 35.834389, 139.582011 35.834457)",
118604164,,,,residential,,False,True,62.693,"LINESTRING (139.5818463 35.8343261, 139.5818203 35.8343067, 139.5814282 35.8340133, 139.5814115 35.8340006, 139.581368 35.8339665, 139.581337 35.8339422)",
224722530,,,,residential,,False,True,69.416,"LINESTRING (139.5818463 35.8343261, 139.5817186 35.8344085, 139.5816938 35.8344063, 139.581247 35.8347085)",
118718717,,,,residential,,False,True,19.759,"LINESTRING (139.5809028 35.8342937, 139.5810509 35.8341627)",
118718738,,,,residential,,False,True,6.782,"LINESTRING (139.5809028 35.8342937, 139.5809464 35.8343434)",
118718738,,,,residential,,False,False,19.579,"LINESTRING (139.5809028 35.8342937, 139.5808211 35.8342521, 139.5807275 35.8341903)",
118604164,,,,residential,,False,False,62.693,"LINESTRING (139.581337 35.8339422, 139.581368 35.8339665, 139.5814115 35.8340006, 139.5814282 35.8340133, 139.5818203 35.8343067, 139.5818463 35.8343261)",
118604164,,,,residential,,False,True,38.033,"LINESTRING (139.581337 35.8339422, 139.5813228 35.833933, 139.5809982 35.8337384)",
118718717,,,,residential,,False,False,35.805,"LINESTRING (139.581337 35.8339422, 139.5812421 35.8339932, 139.5810509 35.8341627)",
118718717,,,,residential,,False,False,19.759,"LINESTRING (139.5810509 35.8341627, 139.5809028 35.8342937)",
118718717,,,,residential,,False,True,35.805,"LINESTRING (139.5810509 35.8341627, 139.5812421 35.8339932, 139.581337 35.8339422)",
224722531,,,,residential,,False,True,58.18000000000001,"LINESTRING (139.5810509 35.8341627, 139.5813179 35.8343603, 139.5811128 35.8345194)",
118603307,,,,unclassified,,False,True,43.494,"LINESTRING (139.5769786 35.8330546, 139.5765752 35.8331529, 139.5765163 35.8331665)",
118604031,,,,unclassified,,False,True,150.399,"LINESTRING (139.5819759 35.8409326, 139.5821426 35.8407421, 139.5826481 35.8409569, 139.5827569 35.8410185, 139.5828597 35.8410884, 139.5831084 35.8413227, 139.5832403 35.8413982)",
118604058,,,,unclassified,,False,False,49.157,"LINESTRING (139.5819759 35.8409326, 139.5819746 35.8409824, 139.5819117 35.8412022, 139.5818642 35.8412576, 139.5817801 35.8413296)",
224722470,,,,unclassified,,False,True,59.60000000000001,"LINESTRING (139.5819759 35.8409326, 139.5818923 35.8407583, 139.581878 35.8407156, 139.5818697 35.840673, 139.5818915 35.8406224, 139.5820535 35.8404611)",
"[118604114, 1137278365, 1137278366]",,,,unclassified,,False,True,88.774,"LINESTRING (139.5810109 35.8418239, 139.5810165 35.8418215, 139.5811086 35.8417821, 139.5811329 35.8417717, 139.5814589 35.8415652, 139.5817801 35.8413296)",yes
473015576,2,36,宿通り,primary,40,False,False,21.102,"LINESTRING (139.5833463 35.8417384, 139.5832866 35.8415549)",
473015576,2,36,宿通り,primary,40,False,True,11.014,"LINESTRING (139.5833463 35.8417384, 139.5833887 35.8418313)",
118604059,,,,residential,,False,False,25.571,"LINESTRING (139.5845758 35.8338378, 139.5847892 35.8339893)",
118604130,,,,residential,,False,False,71.014,"LINESTRING (139.583198 35.835323, 139.5838839 35.8356371)",
473015576,2,36,宿通り,primary,40,False,False,17.917,"LINESTRING (139.5832866 35.8415549, 139.5832403 35.8413982)",
473015576,2,36,宿通り,primary,40,False,True,21.102,"LINESTRING (139.5832866 35.8415549, 139.5833463 35.8417384)",
118604089,,,,unclassified,,False,False,148.869,"LINESTRING (139.5832866 35.8415549, 139.5830622 35.8415649, 139.5821229 35.8415962, 139.5819046 35.8414858, 139.5817801 35.8413296)",
224722469,,,,residential,,False,True,120.355,"LINESTRING (139.583173 35.8409985, 139.5821731 35.8405783, 139.5821744 35.8405271, 139.5820535 35.8404611)",
473015576,2,36,宿通り,primary,40,False,False,128.966,"LINESTRING (139.583173 35.8409985, 139.5831194 35.8404994, 139.5831077 35.8403635, 139.5831046 35.8402348, 139.583112 35.8401011, 139.5831326 35.8398416)",
473015576,2,36,宿通り,primary,40,False,True,44.870999999999995,"LINESTRING (139.583173 35.8409985, 139.5831965 35.8411698, 139.5832205 35.8413074, 139.5832403 35.8413982)",
118604045,,,,unclassified,30,True,False,42.447,"LINESTRING (139.582861 35.8395535, 139.5829038 35.839644, 139.5829661 35.8397406, 139.5830031 35.8397813, 139.5830238 35.8398025, 139.5830457 35.8398179, 139.5830759 35.83983, 139.5831326 35.8398416)",
118604181,,,,unclassified,,False,True,80.934,"LINESTRING (139.582861 35.8395535, 139.5827304 35.8395615, 139.5819682 35.8394929)",
224722470,,,,unclassified,,False,False,126.76499999999999,"LINESTRING (139.582861 35.8395535, 139.5827788 35.8396318, 139.5827235 35.8397358, 139.5826966 35.8397967, 139.5826002 35.8400047, 139.5825598 35.8400518, 139.5824875 35.8401073, 139.5822485 35.8402978, 139.5820535 35.8404611)",
118604181,,,,unclassified,,False,False,80.934,"LINESTRING (139.5819682 35.8394929, 139.5827304 35.8395615, 139.582861 35.8395535)",
1258909381,,,,residential,,False,False,28.226,"LINESTRING (139.5742482 35.8414278, 139.5740935 35.8412071)",
224331185,,,,residential,,False,True,21.331999999999997,"LINESTRING (139.5742482 35.8414278, 139.5742673 35.8414236, 139.574457 35.8413384)",
555747284,,,,unclassified,,False,False,42.023,"LINESTRING (139.5792063 35.8367228, 139.5790895 35.8366796, 139.5788881 35.8368091, 139.5788221 35.8368468)",
1162958652,2,266,ふじみ野朝霞線,secondary,40,False,False,10.724,"LINESTRING (139.5792063 35.8367228, 139.5791954 35.8367819, 139.5791924 35.8368185)",
1162958652,2,266,ふじみ野朝霞線,secondary,40,False,True,26.264000000000003,"LINESTRING (139.5792063 35.8367228, 139.5792212 35.8366833, 139.5792604 35.8366281, 139.5792971 35.8365883, 139.5793491 35.8365503, 139.5793733 35.8365352)",
385175824,,,,residential,,False,True,25.0,"LINESTRING (139.5742845 35.8351672, 139.5742969 35.8351181, 139.5740849 35.8350867)",
385175825,,,,residential,,False,False,53.393,"LINESTRING (139.5740849 35.8350867, 139.5741869 35.8346137)",
385175824,,,,residential,,False,False,25.0,"LINESTRING (139.5740849 35.8350867, 139.5742969 35.8351181, 139.5742845 35.8351672)",
385175952,,,,residential,,False,False,39.195,"LINESTRING (139.5741994 35.8357259, 139.5744544 35.8354404)",
224319775,,,,residential,,False,False,36.51,"LINESTRING (139.5741994 35.8357259, 139.5744854 35.8359244, 139.5745071 35.8359394)",
385175952,,,,residential,,False,True,39.195,"LINESTRING (139.5744544 35.8354404, 139.5741994 35.8357259)",
118603238,,,,unclassified,,False,True,49.842,"LINESTRING (139.5744544 35.8354404, 139.5745936 35.8354338, 139.5747351 35.8354254, 139.5750029 35.8353888)",
118603166,,,,tertiary,,False,True,7.468,"LINESTRING (139.5774546 35.835565, 139.5775153 35.8355193)",
1246023425,,,,tertiary,,False,False,9.641,"LINESTRING (139.5774546 35.835565, 139.5773609 35.8356068)",
"[1246028189, 385176391]",,,,unclassified,,False,True,325.414,"LINESTRING (139.5774546 35.835565, 139.5774773 35.8356113, 139.5774837 35.8356496, 139.5774727 35.8356817, 139.5773044 35.8359564, 139.577296 35.8359643, 139.577283 35.8359699, 139.576658 35.8360308, 139.5749427 35.836198, 139.574886 35.8362035, 139.5744751 35.8362436, 139.574436 35.8362463, 139.574398 35.836243, 139.5743638 35.836225, 139.5743294 35.8362048, 139.5742768 35.836174)",
118603307,,,,unclassified,,False,False,43.494,"LINESTRING (139.5765163 35.8331665, 139.5765752 35.8331529, 139.5769786 35.8330546)",
224319792,,,,residential,,False,True,23.26,"LINESTRING (139.5765163 35.8331665, 139.5764581 35.8331812, 139.5762904 35.8332651)",
1246023424,,113,志木大通り,secondary,40,False,False,139.63400000000001,"LINESTRING (139.5765163 35.8331665, 139.5766281 35.8332639, 139.5768637 35.8334648, 139.5772142 35.833765, 139.5775786 35.8340804)",
430484759,,,,residential,,False,False,127.61800000000002,"LINESTRING (139.5793417 35.8349405, 139.5792866 35.8349932, 139.579232 35.8350454, 139.5788003 35.8351175, 139.5786527 35.835198, 139.5785149 35.8352224, 139.5781721 35.8351388, 139.5780443 35.835129)",
1246012927,,113,志木大通り,secondary,40,False,False,22.897,"LINESTRING (139.5793417 35.8349405, 139.5794988 35.8349533, 139.5795067 35.8349534, 139.5795949 35.8349544)",
1246012927,,113,志木大通り,secondary,40,False,True,162.212,"LINESTRING (139.5793417 35.8349405, 139.5791705 35.8349235, 139.5789739 35.8348906, 139.5787899 35.8348455, 139.5785889 35.8347784, 139.578415 35.8347032, 139.5782574 35.8346174, 139.5781097 35.8345183, 139.5779583 35.8344045, 139.5777975 35.8342695)",
430484760,,,,residential,,False,True,1.458,"LINESTRING (139.5774969 35.8341489, 139.5774848 35.8341402)",
118604076,,,,residential,,False,False,2.907,"LINESTRING (139.5806789 35.8333086, 139.5806519 35.8333229)",
186123098,2,36;40,本町通り,primary,30,False,False,35.584,"LINESTRING (139.5794832 35.8345428, 139.5795388 35.8347633, 139.5795618 35.8348564)",
186123098,2,36;40,本町通り,primary,30,False,True,127.224,"LINESTRING (139.5794832 35.8345428, 139.5794061 35.8342433, 139.5793436 35.8339592, 139.5793026 35.833733, 139.5792595 35.8335044, 139.5792498 35.8334532, 139.5792427 35.8334157)",
488897136,,,,residential,,False,True,121.32499999999999,"LINESTRING (139.5794832 35.8345428, 139.5795459 35.8345325, 139.5797741 35.8345, 139.5799863 35.8344697, 139.5800408 35.8344353, 139.5804332 35.8343487, 139.580515 35.834328, 139.5805914 35.8342911, 139.5807275 35.8341903)",
118603166,,,,tertiary,,False,False,49.065999999999995,"LINESTRING (139.5779731 35.8352057, 139.5779018 35.8352468, 139.577666 35.8353649, 139.5776148 35.8353957, 139.5775779 35.8354337, 139.5775484 35.8354725)",
118603166,,,,tertiary,,False,True,10.966999999999999,"LINESTRING (139.5779731 35.8352057, 139.5780064 35.835185, 139.5780332 35.8351554, 139.5780443 35.835129)",
488897137,,,,residential,,False,True,56.36599999999999,"LINESTRING (139.5779731 35.8352057, 139.5778784 35.8350739, 139.5777912 35.834838, 139.5777376 35.834739)",
488897137,,,,residential,,False,False,56.366,"LINESTRING (139.5777376 35.834739, 139.5777912 35.834838, 139.5778784 35.8350739, 139.5779731 35.8352057)",
118603226,,,,unclassified,,False,True,21.494,"LINESTRING (139.5775525 35.8349099, 139.577554 35.8351032)",
118603226,,,,unclassified,,False,False,95.477,"LINESTRING (139.5775525 35.8349099, 139.5775407 35.8347957, 139.5774289 35.8346332, 139.5772329 35.8343742, 139.5771331 35.8343603, 139.5769329 35.8343033)",
488897138,,,,residential,,False,True,118.755,"LINESTRING (139.5775525 35.8349099, 139.577246 35.8350369, 139.5770006 35.834677, 139.5769329 35.8343033)",
488897139,,,,residential,,False,False,60.712999999999994,"LINESTRING (139.5802159 35.8337866, 139.580356 35.8336833, 139.5807429 35.8334474)",
488897144,,,,residential,,False,True,42.744,"LINESTRING (139.5815832 35.8337213, 139.5813214 35.8334008)",
488897144,,,,residential,,False,False,42.744,"LINESTRING (139.5813214 35.8334008, 139.5815832 35.8337213)",
488897145,,,,residential,,False,True,45.912,"LINESTRING (139.5813214 35.8334008, 139.5808972 35.8336293)",
118604164,,,,residential,,False,False,15.168,"LINESTRING (139.5808972 35.8336293, 139.5809982 35.8337384)",
118604164,,,,residential,,False,True,24.548,"LINESTRING (139.5808972 35.8336293, 139.5807429 35.8334474)",
488897145,,,,residential,,False,False,45.912,"LINESTRING (139.5808972 35.8336293, 139.5813214 35.8334008)",
"[224326882, 227101293, 186553607]",2,36;40,いろは通り,primary,40,False,False,150.40999999999997,"LINESTRING (139.5805467 35.8359048, 139.5806095 35.8359415, 139.5807178 35.8359978, 139.5808335 35.8360502, 139.5809788 35.8361078, 139.5810816 35.8361449, 139.5811358 35.8361633, 139.5811959 35.8361845, 139.5813058 35.8362231, 139.5819523 35.836469, 139.5820021 35.8364877, 139.5820408 35.8365021)",yes
"[1200765738, 227101291, 920146804]",2,36;40,本町通り,primary,40,False,True,136.889,"LINESTRING (139.5805467 35.8359048, 139.5804504 35.835818, 139.5804096 35.8357812, 139.5801632 35.8355593, 139.5800233 35.8354392, 139.5798934 35.83533, 139.5797859 35.8352251, 139.5797052 35.8351294, 139.579688 35.8351058, 139.5796856 35.8351026, 139.5796661 35.8350759, 139.5796316 35.8350288, 139.5795949 35.8349544)",yes
"[1246028002, 1162958652]",2,266,ふじみ野朝霞線,secondary,40,False,False,126.97500000000001,"LINESTRING (139.5805467 35.8359048, 139.5804492 35.8359624, 139.5801205 35.8361564, 139.5799703 35.8362316, 139.5797934 35.8363182, 139.5796664 35.8363822, 139.5794912 35.8364719, 139.5793733 35.8365352)",
"[555747284, 1252194045]",,,,unclassified,,False,"[False, True]",274.349,"LINESTRING (139.5788221 35.8368468, 139.5787749 35.8368739, 139.5785618 35.8369751, 139.5782206 35.8371275, 139.5778644 35.8372503, 139.5775099 35.8373232, 139.5769307 35.8373893, 139.5763237 35.8374462, 139.5763026 35.8374729, 139.5762634 35.837764)",
555747284,,,,unclassified,,False,True,42.022999999999996,"LINESTRING (139.5788221 35.8368468, 139.5788881 35.8368091, 139.5790895 35.8366796, 139.5792063 35.8367228)",
555747288,,,,residential,,False,False,91.921,"LINESTRING (139.5788221 35.8368468, 139.5788165 35.8369305, 139.5787749 35.8370709, 139.5787016 35.837195, 139.5785552 35.8373326, 139.5788071 35.8375229)",
555747288,,,,residential,,False,True,91.92099999999999,"LINESTRING (139.5788071 35.8375229, 139.5785552 35.8373326, 139.5787016 35.837195, 139.5787749 35.8370709, 139.5788165 35.8369305, 139.5788221 35.8368468)",
1162958652,2,266,ふじみ野朝霞線,secondary,40,False,False,110.94000000000001,"LINESTRING (139.5788071 35.8375229, 139.5785694 35.8377367, 139.5782261 35.8380332, 139.57797 35.8382542)",
1162958652,2,266,ふじみ野朝霞線,secondary,40,False,True,58.535,"LINESTRING (139.5788071 35.8375229, 139.5788399 35.8374934, 139.5789308 35.8374045, 139.5789907 35.8373326, 139.5790455 35.8372595, 139.5790881 35.8371963, 139.5791248 35.8371287, 139.579147 35.8370788)",
555747289,,,,residential,,False,False,83.299,"LINESTRING (139.579147 35.8370788, 139.5798654 35.8373427, 139.5798925 35.8372352)",
1162958652,2,266,ふじみ野朝霞線,secondary,40,False,False,58.535,"LINESTRING (139.579147 35.8370788, 139.5791248 35.8371287, 139.5790881 35.8371963, 139.5790455 35.8372595, 139.5789907 35.8373326, 139.5789308 35.8374045, 139.5788399 35.8374934, 139.5788071 35.8375229)",
1162958652,2,266,ふじみ野朝霞線,secondary,40,False,True,29.326,"LINESTRING (139.579147 35.8370788, 139.5791703 35.8370028, 139.5791869 35.8369145, 139.5791924 35.8368185)",
555747289,,,,residential,,False,True,91.978,"LINESTRING (139.5791924 35.8368185, 139.5799363 35.837062, 139.5798925 35.8372352)",
1162958652,2,266,ふじみ野朝霞線,secondary,40,False,False,29.326,"LINESTRING (139.5791924 35.8368185, 139.5791869 35.8369145, 139.5791703 35.8370028, 139.579147 35.8370788)",
1162958652,2,266,ふじみ野朝霞線,secondary,40,False,True,10.724,"LINESTRING (139.5791924 35.8368185, 139.5791954 35.8367819, 139.5792063 35.8367228)",
555747289,,,,residential,,False,False,91.978,"LINESTRING (139.5798925 35.8372352, 139.5799363 35.837062, 139.5791924 35.8368185)",
555747289,,,,residential,,False,True,83.299,"LINESTRING (139.5798925 35.8372352, 139.5798654 35.8373427, 139.579147 35.8370788)",
555747291,,,,residential,,False,False,164.18699999999998,"LINESTRING (139.5798925 35.8372352, 139.5803348 35.8373004, 139.5802117 35.8371499, 139.5801013 35.8370274, 139.5800138 35.8369549, 139.5799075 35.8369079, 139.5797985 35.8368674, 139.5796997 35.8368213, 139.5796454 35.8367808, 139.5794977 35.8366633, 139.5793733 35.8365352)",
555747291,,,,residential,,False,True,164.187,"LINESTRING (139.5793733 35.8365352, 139.5794977 35.8366633, 139.5796454 35.8367808, 139.5796997 35.8368213, 139.5797985 35.8368674, 139.5799075 35.8369079, 139.5800138 35.8369549, 139.5801013 35.8370274, 139.5802117 35.8371499, 139.5803348 35.8373004, 139.5798925 35.8372352)",
1162958652,2,266,ふじみ野朝霞線,secondary,40,False,False,26.264,"LINESTRING (139.5793733 35.8365352, 139.5793491 35.8365503, 139.5792971 35.8365883, 139.5792604 35.8366281, 139.5792212 35.8366833, 139.5792063 35.8367228)",
"[1246028002, 1162958652]",2,266,ふじみ野朝霞線,secondary,40,False,True,126.975,"LINESTRING (139.5793733 35.8365352, 139.5794912 35.8364719, 139.5796664 35.8363822, 139.5797934 35.8363182, 139.5799703 35.8362316, 139.5801205 35.8361564, 139.5804492 35.8359624, 139.5805467 35.8359048)",
224326908,,,,residential,,False,False,15.885,"LINESTRING (139.5800378 35.8386448, 139.5799675 35.8387758)",
224326908,,,,residential,,False,False,7.864,"LINESTRING (139.5795148 35.83937, 139.5794541 35.8394208)",
555747294,,,,residential,,False,False,23.437,"LINESTRING (139.5795148 35.83937, 139.5792557 35.8393525)",
224326908,,,,residential,,False,True,9.788,"LINESTRING (139.5795148 35.83937, 139.579537 35.8393515, 139.5795768 35.8392983)",
555747294,,,,residential,,False,True,2.831,"LINESTRING (139.5792244 35.8393504, 139.5792557 35.8393525)",
555747295,,,,residential,,False,False,19.089,"LINESTRING (139.5788502 35.8392241, 139.5790606 35.8392436)",
224326886,,,,residential,,False,False,9.543,"LINESTRING (139.5788502 35.8392241, 139.5788406 35.8391571, 139.5788198 35.8391498)",
224326886,,,,residential,,False,True,33.083,"LINESTRING (139.5788502 35.8392241, 139.578857 35.8393754, 139.5788433 35.8395211)",
555747295,,,,residential,,False,True,19.089,"LINESTRING (139.5790606 35.8392436, 139.5788502 35.8392241)",
555747294,,,,residential,,False,False,2.831,"LINESTRING (139.5792557 35.8393525, 139.5792244 35.8393504)",
555747294,,,,residential,,False,True,23.437,"LINESTRING (139.5792557 35.8393525, 139.5795148 35.83937)",
555747297,,,,residential,,False,False,9.754,"LINESTRING (139.5792557 35.8393525, 139.5792582 35.8392648)",
555747297,,,,residential,,False,True,9.754,"LINESTRING (139.5792582 35.8392648, 139.5792557 35.8393525)",
224326897,,,,residential,,False,False,3.908,"LINESTRING (139.5792554 35.8398517, 139.5792986 35.8398547)",
224326897,,,,residential,,False,True,68.607,"LINESTRING (139.5792554 35.8398517, 139.5785181 35.8396986)",
555747299,,,,residential,,False,False,6.464,"LINESTRING (139.5792554 35.8398517, 139.5792413 35.8399087)",
555747299,,,,residential,,False,True,6.464,"LINESTRING (139.5792413 35.8399087, 139.5792554 35.8398517)",
224326897,,,,residential,,False,False,30.995,"LINESTRING (139.5792986 35.8398547, 139.5796374 35.8399023)",
224326897,,,,residential,,False,True,3.908,"LINESTRING (139.5792986 35.8398547, 139.5792554 35.8398517)",
555747300,,,,residential,,False,False,15.374,"LINESTRING (139.5792986 35.8398547, 139.5793469 35.8397221)",
555747300,,,,residential,,False,True,15.374,"LINESTRING (139.5793469 35.8397221, 139.5792986 35.8398547)",
555747302,,,,residential,,False,False,12.772,"LINESTRING (139.5795751 35.8397769, 139.579711 35.8398094)",
224326898,,,,residential,,False,True,12.277,"LINESTRING (139.579711 35.8398094, 139.5796374 35.8399023)",
555747302,,,,residential,,False,True,12.772,"LINESTRING (139.579711 35.8398094, 139.5795751 35.8397769)",
224326898,,,,residential,,False,False,64.005,"LINESTRING (139.579711 35.8398094, 139.5797191 35.8397985, 139.5797798 35.8397173, 139.5798294 35.8396227, 139.5794541 35.8394208)",
555747304,,,,residential,,False,True,37.505,"LINESTRING (139.5771371 35.8398608, 139.5775413 35.8399408)",
118033262,,,,residential,,False,True,12.601,"LINESTRING (139.5774963 35.8400707, 139.5775341 35.8399616)",
118033262,,,,residential,,False,False,17.804000000000002,"LINESTRING (139.5774963 35.8400707, 139.5774551 35.8401672, 139.5774395 35.8402238)",
555747305,,,,residential,,False,False,28.287,"LINESTRING (139.5774963 35.8400707, 139.5773444 35.8400459, 139.5771941 35.8400042)",
555747305,,,,residential,,False,True,28.287,"LINESTRING (139.5771941 35.8400042, 139.5773444 35.8400459, 139.5774963 35.8400707)",
555747306,,,,residential,,False,True,40.896,"LINESTRING (139.5769694 35.8405661, 139.5773697 35.8407392)",
118033322,,,,residential,,False,False,6.956,"LINESTRING (139.5780829 35.8409186, 139.5781043 35.8408585)",
118033322,,,,residential,,False,True,7.513,"LINESTRING (139.5780829 35.8409186, 139.5780597 35.8409835)",
555747307,,,,residential,,False,False,15.196,"LINESTRING (139.5780829 35.8409186, 139.5782441 35.8409586)",
555747307,,,,residential,,False,True,15.196,"LINESTRING (139.5782441 35.8409586, 139.5780829 35.8409186)",
118033262,,,,residential,,False,False,16.814,"LINESTRING (139.5776147 35.8411446, 139.5777894 35.8411976)",
555747309,,,,residential,,False,False,14.245,"LINESTRING (139.5776147 35.8411446, 139.577668 35.841024)",
118033262,,,,residential,,False,True,15.547,"LINESTRING (139.5776147 35.8411446, 139.5774736 35.8411028, 139.5774546 35.8410934)",
555747309,,,,residential,,False,True,14.245,"LINESTRING (139.577668 35.841024, 139.5776147 35.8411446)",
118033262,,,,residential,,False,False,14.377,"LINESTRING (139.5777894 35.8411976, 139.577937 35.8412466)",
118033262,,,,residential,,False,True,16.814,"LINESTRING (139.5777894 35.8411976, 139.5776147 35.8411446)",
555747310,,,,residential,,False,False,13.782,"LINESTRING (139.5777894 35.8411976, 139.5778402 35.8410807)",
555747310,,,,residential,,False,True,13.782,"LINESTRING (139.5778402 35.8410807, 139.5777894 35.8411976)",
555747311,,,,residential,,False,False,13.501,"LINESTRING (139.5774546 35.8410934, 139.5775023 35.8409783)",
118033262,,,,residential,,False,False,15.547,"LINESTRING (139.5774546 35.8410934, 139.5774736 35.8411028, 139.5776147 35.8411446)",
118033262,,,,residential,,False,True,37.84,"LINESTRING (139.5774546 35.8410934, 139.5774002 35.8410412, 139.5773459 35.8409745, 139.5773719 35.8407836)",
555747311,,,,residential,,False,True,13.501,"LINESTRING (139.5775023 35.8409783, 139.5774546 35.8410934)",
224326916,,,,residential,,False,False,11.283,"LINESTRING (139.5770979 35.8418661, 139.577071 35.841767)",
555747312,,,,residential,,False,False,48.129999999999995,"LINESTRING (139.5770979 35.8418661, 139.5773272 35.8418163, 139.5772897 35.8417367, 139.5774286 35.8416299)",
555747312,,,,residential,,False,True,48.129999999999995,"LINESTRING (139.5774286 35.8416299, 139.5772897 35.8417367, 139.5773272 35.8418163, 139.5770979 35.8418661)",
224326916,,,,residential,,False,False,19.951,"LINESTRING (139.5769838 35.8414656, 139.5769212 35.8412935)",
224326916,,,,residential,,False,True,9.911,"LINESTRING (139.5769838 35.8414656, 139.5770113 35.8415519)",
555747313,,,,residential,,False,False,24.374000000000002,"LINESTRING (139.5769838 35.8414656, 139.5771314 35.8414393, 139.5772406 35.8414004)",
555747313,,,,residential,,False,True,24.374000000000002,"LINESTRING (139.5772406 35.8414004, 139.5771314 35.8414393, 139.5769838 35.8414656)",
118603189,,,,unclassified,,False,False,2.609,"LINESTRING (139.5740287 35.8345312, 139.5740369 35.8345537)",
571194509,,,,unclassified,,False,True,26.694,"LINESTRING (139.5788864 35.836157, 139.5787624 35.835939)",
"[118603249, 118603309]",,,,unclassified,,False,True,125.536,"LINESTRING (139.5788864 35.836157, 139.5788416 35.8361855, 139.57849 35.8363982, 139.5782881 35.8361778, 139.5787624 35.835939)",
"[118603309, 118603279]",,,,unclassified,,False,False,186.618,"LINESTRING (139.5788864 35.836157, 139.5795863 35.8357112, 139.5795085 35.8355184, 139.5793235 35.8355607, 139.5789931 35.8356281, 139.5788225 35.835619, 139.5786018 35.8355796)",
571244878,,,,residential,,False,True,28.876,"LINESTRING (139.5802313 35.8335648, 139.5800192 35.8333702)",
571244878,,,,residential,,False,False,28.876,"LINESTRING (139.5800192 35.8333702, 139.5802313 35.8335648)",
118604048,,,,residential,,False,False,57.418,"LINESTRING (139.5800192 35.8333702, 139.5802513 35.8333702, 139.5806139 35.8333278, 139.5806519 35.8333229)",
118604048,,,,residential,,False,True,70.279,"LINESTRING (139.5800192 35.8333702, 139.5798066 35.83337, 139.5795213 35.8333858, 139.5793071 35.8334088, 139.5792427 35.8334157)",
587641367,,,,residential,,False,True,24.953,"LINESTRING (139.5798223 35.8347814, 139.5796249 35.8348434, 139.5795618 35.8348564)",
587641368,,,,residential,,False,True,21.285,"LINESTRING (139.5804463 35.8349396, 139.5804232 35.8350765, 139.5804138 35.8351292)",
118604022,,,,unclassified,,False,False,76.57,"LINESTRING (139.5804138 35.8351292, 139.5802803 35.8351073, 139.5801688 35.8350893, 139.5799974 35.8350426, 139.5798814 35.8350058, 139.5797499 35.8349739, 139.5797322 35.8349717, 139.5797257 35.8349709, 139.5795949 35.8349544)",
118604022,,,,unclassified,,False,True,41.135999999999996,"LINESTRING (139.5804138 35.8351292, 139.5804883 35.8351404, 139.580674 35.8351819, 139.5808327 35.8351003)",
587641368,,,,residential,,False,False,21.285,"LINESTRING (139.5804138 35.8351292, 139.5804232 35.8350765, 139.5804463 35.8349396)",
769043183,,,,residential,,False,True,28.734,"LINESTRING (139.5774921 35.8343395, 139.5773949 35.8342258, 139.5773996 35.8341927, 139.5774848 35.8341402)",
430484760,,,,residential,,False,False,1.458,"LINESTRING (139.5774848 35.8341402, 139.5774969 35.8341489)",
430484760,,,,residential,,False,True,60.32299999999999,"LINESTRING (139.5774848 35.8341402, 139.5773542 35.8340458, 139.5768738 35.8341398)",
769043183,,,,residential,,False,False,28.734,"LINESTRING (139.5774848 35.8341402, 139.5773996 35.8341927, 139.5773949 35.8342258, 139.5774921 35.8343395)",
"[430484761, 118718745]",,,,residential,,False,"[False, True]",146.268,"LINESTRING (139.5776764 35.8340677, 139.5784162 35.8339435, 139.5783826 35.8338236, 139.5782863 35.8338258, 139.5781858 35.8336023, 139.5782141 35.8335401, 139.5781772 35.8333447)",
430484761,,,,residential,,False,True,8.929,"LINESTRING (139.5776764 35.8340677, 139.5776516 35.8340709, 139.5775786 35.8340804)",
186123098,2,36;40,本町通り,primary,30,False,False,11.298,"LINESTRING (139.5795618 35.8348564, 139.5795949 35.8349544)",
186123098,2,36;40,本町通り,primary,30,False,True,35.584,"LINESTRING (139.5795618 35.8348564, 139.5795388 35.8347633, 139.5794832 35.8345428)",
587641367,,,,residential,,False,False,24.953,"LINESTRING (139.5795618 35.8348564, 139.5796249 35.8348434, 139.5798223 35.8347814)",
473015576,2,36,宿通り,primary,40,False,False,45.247,"LINESTRING (139.5831326 35.8398416, 139.5831392 35.8396401, 139.5831342 35.8394348)",
473015576,2,36,宿通り,primary,40,False,True,128.966,"LINESTRING (139.5831326 35.8398416, 139.583112 35.8401011, 139.5831046 35.8402348, 139.5831077 35.8403635, 139.5831194 35.8404994, 139.583173 35.8409985)",
1156857701,,,,residential,,False,False,37.266,"LINESTRING (139.5849335 35.8413761, 139.5845536 35.8412439)",
224713073,,,,unclassified,,False,False,28.653,"LINESTRING (139.5845536 35.8412439, 139.5846709 35.8410044)",
1156857701,,,,residential,,False,True,37.266,"LINESTRING (139.5845536 35.8412439, 139.5849335 35.8413761)",
224713073,,,,unclassified,,False,True,28.475,"LINESTRING (139.5845536 35.8412439, 139.5844948 35.841364, 139.5844306 35.8414797)",
1156857707,,,,residential,,False,False,28.21,"LINESTRING (139.5842002 35.8416808, 139.5842 35.8414271)",
1156857711,,,,residential,,False,False,18.501,"LINESTRING (139.5814396 35.8380542, 139.5816123 35.8379643)",
1156857712,,,,residential,,False,False,20.057,"LINESTRING (139.58176 35.8380992, 139.5816123 35.8379643)",
1156857711,,,,residential,,False,True,18.501,"LINESTRING (139.5816123 35.8379643, 139.5814396 35.8380542)",
1156857712,,,,residential,,False,True,20.057,"LINESTRING (139.5816123 35.8379643, 139.58176 35.8380992)",
1156857711,,,,residential,,False,False,73.344,"LINESTRING (139.5816123 35.8379643, 139.5822314 35.8376421, 139.5823093 35.8376401)",
"[472871061, 472873559]",,,,residential,,False,False,42.424,"LINESTRING (139.5845977 35.8343378, 139.5846781 35.8341878, 139.5847892 35.8339893)",
"[118604183, 472873559]",,,,residential,,False,True,79.52699999999999,"LINESTRING (139.5845977 35.8343378, 139.5844456 35.8346216, 139.5842454 35.8349935)",
1161969213,,,,residential,,False,False,25.611,"LINESTRING (139.584172 35.8411979, 139.5842 35.8414271)",
1193444346,,,,residential,,True,False,20.469,"LINESTRING (139.584172 35.8411979, 139.5842374 35.8411324, 139.5842208 35.8410335)",
227093228,,,,unclassified,,False,False,53.38600000000001,"LINESTRING (139.5749863 35.8351245, 139.5749748 35.8350563, 139.5749494 35.8349352, 139.5749173 35.8348238, 139.5749009 35.8347812, 139.5748825 35.8347402, 139.5748456 35.8346598)",
227093228,,,,unclassified,,False,True,29.569000000000003,"LINESTRING (139.5749863 35.8351245, 139.5749938 35.8351693, 139.5750092 35.8352735, 139.5750122 35.8353189, 139.5750029 35.8353888)",
1163013871,,,,residential,,False,False,111.658,"LINESTRING (139.5749863 35.8351245, 139.5758207 35.8348172, 139.57596 35.8350527)",
1163013871,,,,residential,,False,True,111.658,"LINESTRING (139.57596 35.8350527, 139.5758207 35.8348172, 139.5749863 35.8351245)",
1246023425,,,,tertiary,,False,False,94.093,"LINESTRING (139.57596 35.8350527, 139.5750993 35.8353641, 139.5750553 35.8353778, 139.5750029 35.8353888)",
1246023425,,,,tertiary,,False,True,164.809,"LINESTRING (139.57596 35.8350527, 139.576233 35.8349488, 139.5762831 35.8349304, 139.5763237 35.8349346, 139.5763783 35.8349489, 139.5764342 35.8350015, 139.5769309 35.8355219, 139.5769996 35.8355693, 139.5770785 35.8356109, 139.5771564 35.8356324, 139.5772201 35.8356356, 139.5772889 35.8356262, 139.5773609 35.8356068)",
118603151,,,,unclassified,,False,False,40.504999999999995,"LINESTRING (139.5740289 35.8335446, 139.5741846 35.8335051, 139.5744609 35.8334447)",
118603226,,,,unclassified,,False,False,21.494,"LINESTRING (139.577554 35.8351032, 139.5775525 35.8349099)",
118603226,,,,unclassified,,False,True,46.400000000000006,"LINESTRING (139.577554 35.8351032, 139.577532 35.8353509, 139.5775153 35.8355193)",
1172760028,,,,residential,,False,False,78.66399999999999,"LINESTRING (139.577554 35.8351032, 139.5773108 35.8352429, 139.5773575 35.8353681, 139.5772234 35.8354275, 139.5773609 35.8356068)",
1246023425,,,,tertiary,,False,True,9.641,"LINESTRING (139.5773609 35.8356068, 139.5774546 35.835565)",
1172760028,,,,residential,,False,True,78.664,"LINESTRING (139.5773609 35.8356068, 139.5772234 35.8354275, 139.5773575 35.8353681, 139.5773108 35.8352429, 139.577554 35.8351032)",
1246023425,,,,tertiary,,False,False,164.809,"LINESTRING (139.5773609 35.8356068, 139.5772889 35.8356262, 139.5772201 35.8356356, 139.5771564 35.8356324, 139.5770785 35.8356109, 139.5769996 35.8355693, 139.5769309 35.8355219, 139.5764342 35.8350015, 139.5763783 35.8349489, 139.5763237 35.8349346, 139.5762831 35.8349304, 139.576233 35.8349488, 139.57596 35.8350527)",
1191743239,,,,residential,,False,False,30.594,"LINESTRING (139.5751486 35.8345361, 139.5749047 35.834639, 139.5748456 35.8346598)",
473015576,2,36,宿通り,primary,40,False,False,11.014,"LINESTRING (139.5833887 35.8418313, 139.5833463 35.8417384)",
981212527,,254,和光富士見バイパス,trunk,,True,False,27.219,"LINESTRING (139.5833887 35.8418313, 139.5835837 35.8416444)",
981212527,,254,和光富士見バイパス,trunk,,True,False,88.951,"LINESTRING (139.5835837 35.8416444, 139.5842208 35.8410335)",
1193444346,,,,residential,,True,False,76.66,"LINESTRING (139.5835837 35.8416444, 139.5837268 35.8416435, 139.584172 35.8411979)",
224722473,,,,residential,,False,True,188.035,"LINESTRING (139.5838571 35.8411307, 139.5838234 35.8411068, 139.5838004 35.8410735, 139.583783 35.8408465, 139.5837719 35.8406811, 139.5836789 35.840677, 139.5836389 35.8406596, 139.5835737 35.8403338, 139.5836164 35.8402814, 139.5837594 35.8401237, 139.5839065 35.8399567, 139.5839435 35.8398708, 139.5840445 35.8396597)",
1193444347,,,,residential,,True,False,21.880000000000003,"LINESTRING (139.5838571 35.8411307, 139.5837751 35.8412125, 139.5838063 35.8413003)",
981212526,,254,和光富士見バイパス,trunk,,True,False,63.972,"LINESTRING (139.5838063 35.8413003, 139.5833463 35.8417384)",
981212526,,254,和光富士見バイパス,trunk,,True,False,137.332,"LINESTRING (139.5847938 35.8403598, 139.5838063 35.8413003)",
1193444347,,,,residential,,True,False,123.77,"LINESTRING (139.5847938 35.8403598, 139.5846682 35.8403624, 139.5838571 35.8411307)",
1162958652,2,266,ふじみ野朝霞線,secondary,40,False,True,5.341,"LINESTRING (139.5765938 35.8394915, 139.5766349 35.8394569)",
224331213,,,,residential,,False,True,53.332,"LINESTRING (139.5765938 35.8394915, 139.5762056 35.8394187, 139.5760174 35.8393833)",
1162958652,2,266,ふじみ野朝霞線,secondary,40,False,False,41.455,"LINESTRING (139.5765938 35.8394915, 139.5764716 35.839599, 139.5763794 35.8396746, 139.5762709 35.8397567)",
118603259,,,,unclassified,,False,False,12.676,"LINESTRING (139.578107 35.8352284, 139.5780997 35.8351935, 139.5780443 35.835129)",
118603259,,,,unclassified,,False,True,63.626000000000005,"LINESTRING (139.578107 35.8352284, 139.5781064 35.835311, 139.5782172 35.835413, 139.5784476 35.8355066, 139.5786018 35.8355796)",
571196091,,,,residential,,False,True,58.931,"LINESTRING (139.578107 35.8352284, 139.5780748 35.8352479, 139.5780051 35.835274, 139.5778039 35.8353718, 139.5776252 35.8354819, 139.5776057 35.8354805, 139.5775484 35.8354725)",
118603166,,,,tertiary,,False,False,5.999,"LINESTRING (139.5775484 35.8354725, 139.5775153 35.8355193)",
118603166,,,,tertiary,,False,True,49.066,"LINESTRING (139.5775484 35.8354725, 139.5775779 35.8354337, 139.5776148 35.8353957, 139.577666 35.8353649, 139.5779018 35.8352468, 139.5779731 35.8352057)",
571196091,,,,residential,,False,False,58.931,"LINESTRING (139.5775484 35.8354725, 139.5776057 35.8354805, 139.5776252 35.8354819, 139.5778039 35.8353718, 139.5780051 35.835274, 139.5780748 35.8352479, 139.578107 35.8352284)",
1252194046,,,,residential,,False,False,27.059,"LINESTRING (139.5745575 35.8376897, 139.5748565 35.8376682)",
"[224331234, 118033454]",,,,residential,,False,"[False, True]",22.783,"LINESTRING (139.5745575 35.8376897, 139.5745364 35.8376087, 139.5743868 35.8376229)",
118033454,,,,residential,,False,True,89.971,"LINESTRING (139.5745575 35.8376897, 139.5745985 35.8378373, 139.5746459 35.8380066, 139.5745626 35.8384861)",
1252194046,,,,residential,,False,True,27.059,"LINESTRING (139.5748565 35.8376682, 139.5745575 35.8376897)",
118033373,,,,residential,,False,False,17.881,"LINESTRING (139.5760859 35.8391391, 139.5760419 35.8392959)",
118033373,,,,residential,,False,True,0.661,"LINESTRING (139.5760859 35.8391391, 139.5760875 35.8391333)",
118033585,,,,unclassified,,False,False,67.566,"LINESTRING (139.5760859 35.8391391, 139.5768168 35.8392738)",
1267918380,,,,residential,,False,False,4.677,"LINESTRING (139.57665 35.8407423, 139.5766998 35.8407541)",
224326916,,,,residential,,False,False,47.41799999999999,"LINESTRING (139.57665 35.8407423, 139.5766332 35.8407069, 139.5765978 35.8406737, 139.5765562 35.8406442, 139.576483 35.840614, 139.5763924 35.8405979, 139.5763374 35.8406027, 139.5762478 35.8406507, 139.5762224 35.8406668)",
224326916,,,,residential,,False,True,55.422000000000004,"LINESTRING (139.57665 35.8407423, 139.576646 35.8407655, 139.5765169 35.8408331, 139.5766388 35.8410249, 139.5767545 35.8411215)",
1263499577,,,,residential,,False,False,12.614,"LINESTRING (139.5760009 35.8376152, 139.5759772 35.837727)",
118033266,,,,residential,,False,True,26.125,"LINESTRING (139.5759772 35.837727, 139.5762634 35.837764)",
1263499577,,,,residential,,False,True,12.614,"LINESTRING (139.5759772 35.837727, 139.5760009 35.8376152)",
118033266,,,,residential,,False,False,92.88000000000001,"LINESTRING (139.5759772 35.837727, 139.5757696 35.8377002, 139.5752688 35.8376375, 139.5752357 35.8376457, 139.5751157 35.8378497)",
118033262,,,,residential,,False,False,12.601,"LINESTRING (139.5775341 35.8399616, 139.5774963 35.8400707)",
118033262,,,,residential,,False,True,2.402,"LINESTRING (139.5775341 35.8399616, 139.5775413 35.8399408)",
224326899,,,,residential,,False,False,76.795,"LINESTRING (139.5775341 35.8399616, 139.5783349 35.8401973)",
1267647874,,,,residential,,False,False,8.648,"LINESTRING (139.5783282 35.8408446, 139.5783549 35.8407699)",
224326903,,,,residential,,False,False,24.758,"LINESTRING (139.5783549 35.8407699, 139.5786193 35.8408302)",
224326903,,,,residential,,False,True,19.142,"LINESTRING (139.5783549 35.8407699, 139.5781505 35.8407232)",
1267647874,,,,residential,,False,True,8.648,"LINESTRING (139.5783549 35.8407699, 139.5783282 35.8408446)",
1267918380,,,,residential,,False,True,4.677,"LINESTRING (139.5766998 35.8407541, 139.57665 35.8407423)",
1269084744,,,,residential,,False,False,13.571,"LINESTRING (139.5778188 35.8413222, 139.577937 35.8412466)",
118033262,,,,residential,,False,False,2.719,"LINESTRING (139.577937 35.8412466, 139.5779649 35.8412559)",
118033262,,,,residential,,False,True,14.377,"LINESTRING (139.577937 35.8412466, 139.5777894 35.8411976)",
1269084744,,,,residential,,False,True,13.571,"LINESTRING (139.577937 35.8412466, 139.5778188 35.8413222)",
