osmid,ref,name,highway,maxspeed,oneway,reversed,length,geometry,junction,lanes,tunnel
234833267,D 9,Avenue de Boulogne,secondary,50,False,False,48.289,"LINESTRING (0.7230605 43.1103692, 0.723186 43.1099447)",,,
37077146,,Rue Louis Payrau,residential,,False,True,133.469,"LINESTRING (0.7230605 43.1103692, 0.72153 43.1101457, 0.7214618 43.1101107)",,,
234833267,D 9,Avenue de Boulogne,secondary,50,False,True,183.36599999999999,"LINESTRING (0.7230605 43.1103692, 0.7229141 43.1107899, 0.7225602 43.1113308, 0.7221907 43.1118841)",,,
234812531,D 817,Boulevard Charles de Gaulle,secondary,50,True,False,26.747,"LINESTRING (0.7234141 43.1092126, 0.7231043 43.1091307)",,,
234833267,D 9,Avenue de Boulogne,secondary,50,False,True,65.967,"LINESTRING (0.7234141 43.1092126, 0.7232439 43.1097927)",,,
234869553,D 817,Boulevard Louis Pasteur,secondary,50,True,False,32.22,"LINESTRING (0.7207346 43.1082934, 0.7207841 43.1080059)",,,
1247681755,,,secondary,30,True,False,6.147,"LINESTRING (0.72076 43.1069891, 0.7207358 43.1069838, 0.7207144 43.1069741, 0.7206969 43.1069608)",roundabout,,
234869541,D 8,Avenue Gaston Phoebus,secondary,30,True,False,21.921,"LINESTRING (0.7215068 43.1062366, 0.7217717 43.1061984)",,,
148127044,D 5,,secondary,,True,False,83.69900000000001,"LINESTRING (0.724895 43.1065667, 0.7250899 43.1063983, 0.7252289 43.1062439, 0.7255014 43.105959)",,,
234816306,D 8,Avenue Gaston Phoebus,secondary,50,True,False,51.111,"LINESTRING (0.724895 43.1065667, 0.7251089 43.106528, 0.7252574 43.1065355, 0.7253732 43.1065733, 0.7254863 43.1066251)",,,
25020459,D 5,Avenue Henri Montagut,secondary,50,True,False,5.105,"LINESTRING (0.7254863 43.1066251, 0.7255174 43.106665)",,2,
25545327,D 817,Avenue François Mitterrand,secondary,50,True,False,25.594,"LINESTRING (0.729075 43.1093831, 0.7287634 43.1094182)",,,
503068817,D 5,Avenue de l'Isle,secondary,50,False,False,47.128,"LINESTRING (0.725831 43.1121942, 0.7258163 43.1117705)",,,
25545070,,Rue du Pradet,residential,,False,True,49.474000000000004,"LINESTRING (0.725831 43.1121942, 0.72572 43.1121311, 0.7255715 43.1118065)",,,
25545070,,Rue du Pradet,residential,,False,False,263.5,"LINESTRING (0.7245086 43.1093512, 0.7245919 43.1098969, 0.7245996 43.1099417, 0.7246786 43.110148, 0.7254618 43.1116008)",,,
25638322,D 817,Boulevard Charles de Gaulle,secondary,50,True,False,25.875,"LINESTRING (0.7245086 43.1093512, 0.7244378 43.1093516, 0.7241917 43.1093296)",,,
37103927,,Rue de l'Avenir,residential,,False,False,205.206,"LINESTRING (0.7263748 43.1090835, 0.7264204 43.1091719, 0.7264452 43.1092851, 0.7264796 43.109667, 0.7265241 43.1104141, 0.7265246 43.110423, 0.7265471 43.1108278, 0.7265528 43.1109195)",,,
537358888,D 817,Boulevard Charles de Gaulle,secondary,50,True,False,61.959999999999994,"LINESTRING (0.7263748 43.1090835, 0.7258079 43.1091694, 0.7256742 43.1091857, 0.7256263 43.1091922)",,,
37103931,D 817,Avenue du Général Leclerc,secondary,50,True,False,22.538,"LINESTRING (0.728277 43.1093418, 0.7282073 43.1091456)",,,
25545326,D 817,Place de la Libération,secondary,50,True,False,15.399000000000001,"LINESTRING (0.728277 43.1093418, 0.7283373 43.1092952, 0.7284379 43.1092834)",roundabout,,
1247681762,D 817,Place de la Libération,secondary,50,True,False,14.298,"LINESTRING (0.7286726 43.1095674, 0.7284997 43.1095429)",roundabout,,
37103928,C 4,Rue de Marsoulas,residential,,True,False,20.639,"LINESTRING (0.7287465 43.1095052, 0.7289636 43.1096018)",,,
1247681761,D 817,Place de la Libération,secondary,50,True,False,9.325,"LINESTRING (0.7287465 43.1095052, 0.7287232 43.1095368, 0.7286726 43.1095674)",roundabout,,
1247681760,D 817,Place de la Libération,secondary,50,True,False,9.771,"LINESTRING (0.7287634 43.1094182, 0.7287519 43.1094774, 0.7287465 43.1095052)",roundabout,,
37103932,D 817,Avenue du Général Leclerc,secondary,,True,False,24.191,"LINESTRING (0.7282073 43.1091456, 0.7284379 43.1092834)",,,
"[387999164, 25638327]",D 817,Avenue du Général Leclerc,secondary,50,False,"[False, True]",115.428,"LINESTRING (0.7282073 43.1091456, 0.7281066 43.1090989, 0.727939 43.1090263, 0.7276994 43.1089365, 0.727509 43.1088914, 0.7270597 43.1087436, 0.7270036 43.1087359, 0.7269153 43.1087346)",,,
25502766,,Rue du Docteur Boularan,residential,50,False,False,47.573,"LINESTRING (0.7201174 43.1115592, 0.7196293 43.1113224)",,,
"[714403064, 714403063]",,Rue Edouard Herriot,residential,50,False,False,88.536,"LINESTRING (0.7201174 43.1115592, 0.7200908 43.1115877, 0.719849 43.1118467, 0.7195102 43.1122206)",,,
"[714403068, 714403069, 25747871]",,Rue Edouard Herriot,residential,50,False,True,194.837,"LINESTRING (0.7201174 43.1115592, 0.7204899 43.1111419, 0.720735 43.1108929, 0.7207567 43.1108598, 0.7208336 43.1107463, 0.7211594 43.1103954, 0.7214618 43.1101107)",,,
25502766,,Rue du Docteur Boularan,residential,50,False,False,49.957,"LINESTRING (0.7196293 43.1113224, 0.7192933 43.110946)",,,
25502766,,Rue du Docteur Boularan,residential,50,False,True,47.573,"LINESTRING (0.7196293 43.1113224, 0.7201174 43.1115592)",,,
37077151,,Rue Décap,residential,,False,True,90.055,"LINESTRING (0.7196293 43.1113224, 0.7188067 43.1118658)",,,
25502766,,Rue du Docteur Boularan,residential,50,False,True,91.935,"LINESTRING (0.7186729 43.1102543, 0.7192933 43.110946)",,,
234869559,D 39,Avenue Anselme Arrieu,tertiary,50,False,False,93.291,"LINESTRING (0.7186729 43.1102543, 0.7196417 43.109803)",,,
25545437,,Rue Robert Schuman,residential,50,False,False,69.409,"LINESTRING (0.7188067 43.1118658, 0.7195102 43.1122206)",,,
37077151,,Rue Décap,residential,,False,False,90.055,"LINESTRING (0.7188067 43.1118658, 0.7196293 43.1113224)",,,
25545437,,Rue Robert Schuman,residential,50,False,True,69.409,"LINESTRING (0.7195102 43.1122206, 0.7188067 43.1118658)",,,
"[714403064, 714403063]",,Rue Edouard Herriot,residential,50,False,True,88.53599999999999,"LINESTRING (0.7195102 43.1122206, 0.719849 43.1118467, 0.7200908 43.1115877, 0.7201174 43.1115592)",,,
25799501,D 8,Avenue Gaston Phoebus,secondary,50,True,False,103.76400000000001,"LINESTRING (0.7220787 43.106181, 0.7222349 43.1061822, 0.7223544 43.1061993, 0.7226864 43.106278, 0.7233006 43.1064358)",,,
37076658,,Rue de la Poste,residential,,True,False,100.409,"LINESTRING (0.7232457 43.1088948, 0.7220796 43.1085937)",,,
25545023,,Rue Voltaire,residential,30,True,False,34.701,"LINESTRING (0.7236426 43.1083534, 0.723437 43.108627)",,,
25643926,,Rue de la République,residential,,False,True,114.649,"LINESTRING (0.7236426 43.1083534, 0.7224379 43.1078153)",,,
37076656,,Rue du Pape Clément 5,living_street,20,True,False,17.81,"LINESTRING (0.7236426 43.1083534, 0.723715 43.1082022)",,,
32302384,,Rue de Goumetx,living_street,20,False,False,15.617,"LINESTRING (0.7238486 43.1074555, 0.7238621 43.1073154)",,,
"[1025750544, 1025750545, 25643954, 687913626, 37076671]",,"['Rue Victor Hugo', 'Rue Thiers', 'Place Nationale Jean Jaurès', 'Rue Adolphe Thiers']",living_street,20,True,False,196.005,"LINESTRING (0.7238486 43.1074555, 0.724131 43.1075529, 0.7244031 43.1076723, 0.724983 43.1076925, 0.72505 43.1076974, 0.7250698 43.1078396, 0.7250802 43.1078653, 0.7251356 43.107935, 0.7252707 43.108114, 0.7254758 43.1082873, 0.7255523 43.1084224)",,,
"[25546669, 386940894, 1025750543]",,Boulevard Jean Bepmale,"['residential', 'living_street']",30,True,False,229.33,"LINESTRING (0.7261861 43.1077997, 0.7261721 43.1076614, 0.7261249 43.1075413, 0.7260633 43.1074777, 0.7259188 43.107387, 0.7254343 43.107202, 0.7252646 43.1071886, 0.7251647 43.107179, 0.7251184 43.1071707, 0.7250769 43.1071623, 0.7249483 43.1071097, 0.7248073 43.1070304, 0.723921 43.1068194)",,,
37076670,,Rue Jean Pégot,residential,,False,True,38.554,"LINESTRING (0.7261861 43.1077997, 0.7261933 43.1078791, 0.7261384 43.1080054, 0.726082 43.1081336)",,,
25638322,D 817,Boulevard Charles de Gaulle,secondary,50,True,False,92.48299999999999,"LINESTRING (0.7256263 43.1091922, 0.7248335 43.1093129, 0.7246068 43.1093443, 0.7245086 43.1093512)",,,
234869545,D 5,Avenue de l'Isle,secondary,50,False,True,287.159,"LINESTRING (0.7256263 43.1091922, 0.7256708 43.1095051, 0.7256873 43.1097441, 0.7257234 43.1102824, 0.7257366 43.1104798, 0.7257557 43.1107661, 0.7258163 43.1117705)",,,
25557519,D 5,,secondary,50,False,False,88.681,"LINESTRING (0.7255014 43.105959, 0.7260916 43.1052879)",,,
25557510,D 5,,secondary,,True,False,75.543,"LINESTRING (0.7255014 43.105959, 0.7254077 43.1062838, 0.725423 43.1064421, 0.7254863 43.1066251)",,,
37727517,,,secondary,,False,True,24.869,"LINESTRING (0.7262978 43.1041302, 0.726553 43.1042539)",,,
1060211661,,,secondary,,False,False,21.341,"LINESTRING (0.7262978 43.1041302, 0.7265526 43.104083)",,,
25545080,,Rue du Froidour,secondary,50,False,False,91.809,"LINESTRING (0.7262978 43.1041302, 0.7258825 43.1041228, 0.7256145 43.1041159, 0.7254589 43.1040645, 0.7253772 43.10398, 0.7253486 43.1038838)",,,
25545080,,Rue du Froidour,secondary,50,False,True,17.185,"LINESTRING (0.7253765 43.1037306, 0.7253486 43.1038838)",,,
37735761,,Rue du Froidour,secondary,50,True,False,31.519,"LINESTRING (0.7253765 43.1037306, 0.7253841 43.1034472)",,,
37727514,,Boulevard Léon Gambetta,unclassified,50,False,True,18.79,"LINESTRING (0.7253841 43.1034472, 0.7255811 43.1035359)",,,
37103930,D 817,Avenue François Mitterrand,secondary,,True,False,31.492,"LINESTRING (0.7286947 43.1093272, 0.729075 43.1093831)",,,
1247681766,D 817,Place de la Libération,secondary,50,True,False,11.814,"LINESTRING (0.7286947 43.1093272, 0.7287421 43.109367, 0.7287634 43.1094182)",roundabout,,
503068817,D 5,Avenue de l'Isle,secondary,50,False,True,47.128,"LINESTRING (0.7258163 43.1117705, 0.725831 43.1121942)",,,
234869545,D 5,Avenue de l'Isle,secondary,50,False,False,287.159,"LINESTRING (0.7258163 43.1117705, 0.7257557 43.1107661, 0.7257366 43.1104798, 0.7257234 43.1102824, 0.7256873 43.1097441, 0.7256708 43.1095051, 0.7256263 43.1091922)",,,
234869560,,Rue Georges Guynemer,residential,50,False,False,282.245,"LINESTRING (0.7258163 43.1117705, 0.7263613 43.1117838, 0.7278385 43.1119299, 0.7282363 43.1119597, 0.7292741 43.1120203)",,,
234869568,,Rue du 83e Régiment d'Infanterie,residential,50,False,False,24.236,"LINESTRING (0.7292741 43.1120203, 0.7292421 43.112237)",,,
25564755,,Rue du 83e Régiment d'Infanterie,residential,50,False,True,64.317,"LINESTRING (0.7292741 43.1120203, 0.7293773 43.1114982, 0.7293787 43.1114473)",,,
234869560,,Rue Georges Guynemer,residential,50,False,True,282.245,"LINESTRING (0.7292741 43.1120203, 0.7282363 43.1119597, 0.7278385 43.1119299, 0.7263613 43.1117838, 0.7258163 43.1117705)",,,
25621264,C 4,Rue de Marsoulas,residential,50,True,False,23.93,"LINESTRING (0.7289636 43.1096018, 0.7286726 43.1095674)",,,
25750315,C 4,Rue de Marsoulas,residential,50,False,False,78.712,"LINESTRING (0.7289636 43.1096018, 0.7290953 43.1096552, 0.7296263 43.1101104)",,,
25564755,,Rue du 83e Régiment d'Infanterie,residential,50,False,False,150.067,"LINESTRING (0.7296263 43.1101104, 0.7296031 43.1101749, 0.7295218 43.1106357, 0.7293787 43.1114473)",,,
25750315,C 4,Rue de Marsoulas,residential,50,False,True,78.712,"LINESTRING (0.7296263 43.1101104, 0.7290953 43.1096552, 0.7289636 43.1096018)",,,
37735756,,Rue du Bonnefont,residential,,False,True,85.704,"LINESTRING (0.7201585 43.1047694, 0.7203595 43.1046587, 0.7209724 43.1042789)",,,
234869569,,Rue du Bugatet,residential,,False,False,134.651,"LINESTRING (0.7201585 43.1047694, 0.7201208 43.1045455, 0.7200464 43.1042495, 0.7199717 43.10389, 0.7199506 43.1036413, 0.7199636 43.1035703)",,,
"[424743307, 37076653]",,Rue du Bugatet,residential,,True,False,227.81799999999998,"LINESTRING (0.7201585 43.1047694, 0.7201282 43.1048222, 0.7201302 43.1048942, 0.7201939 43.1051272, 0.7203092 43.1053216, 0.7204574 43.1055453, 0.7205533 43.105725, 0.7206251 43.1057823, 0.7210133 43.1059291, 0.7213354 43.1060012, 0.7215022 43.1060496, 0.7216765 43.1061078, 0.7217428 43.1061604, 0.7217717 43.1061984)",,,
234869542,D 8,Avenue Gaston Phoebus,secondary,50,True,False,58.772000000000006,"LINESTRING (0.7233006 43.1064358, 0.7237706 43.1065361, 0.7239969 43.1065804)",,,
234869570,,Rue du Commandant Bru,unclassified,,False,True,125.365,"LINESTRING (0.7233006 43.1064358, 0.7233167 43.1063942, 0.7234486 43.106061, 0.723444 43.1060098, 0.7234253 43.1059688, 0.7233556 43.1059198, 0.7229103 43.1058151, 0.7227963 43.105773, 0.7227753 43.1057058, 0.7227834 43.1056376)",,,
25643926,,Rue de la République,residential,,False,False,114.649,"LINESTRING (0.7224379 43.1078153, 0.7236426 43.1083534)",,,
25643926,,Rue de la République,residential,,False,True,4.819,"LINESTRING (0.7224379 43.1078153, 0.7223897 43.10779)",,,
37076668,,Rue de l'Union,residential,,False,False,48.07,"LINESTRING (0.7249817 43.1085282, 0.7250277 43.1089592)",,,
388296869,,Rue de la République,residential,,True,False,112.24700000000001,"LINESTRING (0.7249817 43.1085282, 0.7244231 43.108539, 0.7243621 43.1085385, 0.7241699 43.1084917, 0.7236426 43.1083534)",,,
388296869,,Rue de la République,residential,,True,False,47.83299999999999,"LINESTRING (0.7255523 43.1084224, 0.7254577 43.1084412, 0.7250641 43.1085194, 0.7249817 43.1085282)",,,
25643946,,Rue des Compagnons du Tour de France,residential,,True,False,57.267,"LINESTRING (0.7220796 43.1085937, 0.7222938 43.108103)",,,
234816308,D 817,Boulevard Charles de Gaulle,secondary,50,True,False,73.306,"LINESTRING (0.7218275 43.1087888, 0.7209791 43.108563)",,,
25643946,,Rue des Compagnons du Tour de France,residential,,True,False,31.424,"LINESTRING (0.7218275 43.1087888, 0.7219396 43.1087466, 0.7219904 43.1087275, 0.7220796 43.1085937)",,,
234869559,D 39,Avenue Anselme Arrieu,tertiary,50,False,True,72.35,"LINESTRING (0.7218275 43.1087888, 0.7217122 43.1088417, 0.7210728 43.1091349)",,,
26460620,,Rue Pierre Astié,residential,,False,False,141.946,"LINESTRING (0.7283072 43.1050099, 0.7278329 43.1049967, 0.72736 43.1049323, 0.7268074 43.1047934, 0.7265992 43.1047985)",,,
37727514,,Boulevard Léon Gambetta,unclassified,50,False,False,135.59,"LINESTRING (0.7283072 43.1050099, 0.7279408 43.1048817, 0.7275513 43.1047195, 0.727474 43.1046698, 0.7273533 43.1045945, 0.7271742 43.1044547, 0.7269884 43.1042907)",,,
37727518,,Rue Alphonse de Lamartine,residential,,False,True,250.07900000000004,"LINESTRING (0.7283072 43.1050099, 0.7282858 43.1050461, 0.7279944 43.1055404, 0.7279316 43.1055607, 0.7278319 43.1055495, 0.7269614 43.1054426, 0.726901 43.105458, 0.726839 43.1054856, 0.7263969 43.106024, 0.7262707 43.1061736)",,,
234833267,D 9,Avenue de Boulogne,secondary,50,False,False,65.967,"LINESTRING (0.7232439 43.1097927, 0.7234141 43.1092126)",,,
234833267,D 9,Avenue de Boulogne,secondary,50,False,True,17.543,"LINESTRING (0.7232439 43.1097927, 0.723186 43.1099447)",,,
26815218,,Place du Foirail,residential,,True,False,150.055,"LINESTRING (0.7232439 43.1097927, 0.7233423 43.1098178, 0.7233916 43.1099226, 0.7234687 43.1099601, 0.7239825 43.1100114, 0.7240476 43.1099811, 0.7240662 43.1099087, 0.724171 43.1094133, 0.7241917 43.1093296)",,,
25638322,D 817,Boulevard Charles de Gaulle,secondary,50,True,False,64.462,"LINESTRING (0.7241917 43.1093296, 0.7237799 43.1092625, 0.7235779 43.1092361, 0.7234141 43.1092126)",,,
386940893,,Boulevard Jean Bepmale,residential,30,True,False,82.622,"LINESTRING (0.723921 43.1068194, 0.7229532 43.1065895)",,,
"[32302384, 760487341]",,Rue de Goumetx,living_street,"['20', '30']",False,True,37.518,"LINESTRING (0.723921 43.1068194, 0.723888 43.1070651, 0.7238775 43.1071553)",,,
25643926,,Rue de la République,residential,,False,False,41.694,"LINESTRING (0.7219021 43.1076722, 0.7223897 43.10779)",,,
25643926,,Rue de la République,residential,,False,True,85.41799999999999,"LINESTRING (0.7219021 43.1076722, 0.7209721 43.1074849, 0.7208878 43.1074679)",,,
233624097,,,residential,,True,False,37.238,"LINESTRING (0.7219021 43.1076722, 0.7218987 43.1076809, 0.7217775 43.1079945)",,,
234869553,D 817,Boulevard Louis Pasteur,secondary,50,True,False,37.829,"LINESTRING (0.7208878 43.1074679, 0.7207861 43.1071359)",,,
25643926,,Rue de la République,residential,,False,False,85.41799999999999,"LINESTRING (0.7208878 43.1074679, 0.7209721 43.1074849, 0.7219021 43.1076722)",,,
25546678,,Rue Victor Hugo,living_street,20,True,False,14.59,"LINESTRING (0.7223068 43.107162, 0.7224851 43.1071785)",,,
37076648,,Rue des Fossés,residential,,False,False,70.154,"LINESTRING (0.7223068 43.107162, 0.7223897 43.10779)",,,
25643926,,Rue de la République,residential,,False,False,4.819,"LINESTRING (0.7223897 43.10779, 0.7224379 43.1078153)",,,
25643926,,Rue de la République,residential,,False,True,41.694,"LINESTRING (0.7223897 43.10779, 0.7219021 43.1076722)",,,
37076648,,Rue des Fossés,residential,,False,True,70.154,"LINESTRING (0.7223897 43.10779, 0.7223068 43.107162)",,,
37076649,,Rue Raymond Troplong,residential,,False,False,34.191,"LINESTRING (0.720838 43.1077637, 0.7212426 43.1078491)",,,
234869553,D 817,Boulevard Louis Pasteur,secondary,50,True,False,33.138999999999996,"LINESTRING (0.720838 43.1077637, 0.7208722 43.1075604, 0.7208878 43.1074679)",,,
25643946,,Rue des Compagnons du Tour de France,residential,,True,False,34.063,"LINESTRING (0.7222938 43.108103, 0.7224379 43.1078153)",,,
37076649,,Rue Raymond Troplong,residential,,False,True,43.616,"LINESTRING (0.7222938 43.108103, 0.721872 43.1080147, 0.7217775 43.1079945)",,,
37076655,,Rue Saint-Jean,residential,,False,False,44.865,"LINESTRING (0.722656 43.1072004, 0.722841 43.1068202)",,,
25546678,,Rue Victor Hugo,living_street,20,True,False,100.993,"LINESTRING (0.722656 43.1072004, 0.7230165 43.1072636, 0.7231935 43.1072938, 0.7238486 43.1074555)",,,
37076652,,Boulevard Jean Bepmale,residential,,False,False,25.183,"LINESTRING (0.7220969 43.1063365, 0.7220426 43.1063311, 0.7219414 43.1063095, 0.7217945 43.1062875)",,,
1025750542,,Boulevard Jean Bepmale,residential,30,True,False,17.784,"LINESTRING (0.7220969 43.1063365, 0.7220688 43.1062885, 0.7220787 43.106181)",,,
25546678,,Rue Victor Hugo,living_street,20,True,False,86.737,"LINESTRING (0.7212611 43.1070115, 0.7213589 43.1070384, 0.7217119 43.1071005, 0.7223068 43.107162)",,,
37076650,,Rue des Fleurs,residential,,False,False,104.725,"LINESTRING (0.7212611 43.1070115, 0.7213506 43.106897, 0.7214941 43.106804, 0.7217208 43.106709, 0.7218924 43.1066317, 0.7220346 43.1065377, 0.7221191 43.106427, 0.7221512 43.1063663)",,,
386940893,,Boulevard Jean Bepmale,residential,30,True,False,5.515,"LINESTRING (0.7221512 43.1063663, 0.7220969 43.1063365)",,,
37076650,,Rue des Fleurs,residential,,False,True,104.72500000000001,"LINESTRING (0.7221512 43.1063663, 0.7221191 43.106427, 0.7220346 43.1065377, 0.7218924 43.1066317, 0.7217208 43.106709, 0.7214941 43.106804, 0.7213506 43.106897, 0.7212611 43.1070115)",,,
25546678,,Rue Victor Hugo,living_street,20,True,False,11.725,"LINESTRING (0.7211242 43.1069779, 0.7212611 43.1070115)",,,
37076651,,Rue des Capins,residential,,False,False,108.066,"LINESTRING (0.7211242 43.1069779, 0.7211596 43.1067288, 0.7211973 43.1066463, 0.721265 43.1065664, 0.7215052 43.1064952, 0.7217146 43.1064507, 0.7217679 43.106437, 0.7217945 43.1062875)",,,
37076651,,Rue des Capins,residential,,False,True,108.066,"LINESTRING (0.7217945 43.1062875, 0.7217679 43.106437, 0.7217146 43.1064507, 0.7215052 43.1064952, 0.721265 43.1065664, 0.7211973 43.1066463, 0.7211596 43.1067288, 0.7211242 43.1069779)",,,
37076652,,Boulevard Jean Bepmale,residential,,False,True,25.183,"LINESTRING (0.7217945 43.1062875, 0.7219414 43.1063095, 0.7220426 43.1063311, 0.7220969 43.1063365)",,,
1025750487,,Boulevard Eugène Azémar,residential,,True,False,25.605999999999998,"LINESTRING (0.7217945 43.1062875, 0.7216161 43.1062821, 0.721541 43.1062733, 0.7215068 43.1062366)",,,
"[1082664285, 234869541, 1082664286]",D 8,Avenue Gaston Phoebus,secondary,30,True,False,25.009999999999998,"LINESTRING (0.7217717 43.1061984, 0.7218401 43.1061925, 0.7219227 43.1061862, 0.7220111 43.1061832, 0.7220787 43.106181)",,,
37076654,,Impasse du Barry,residential,,False,False,16.727,"LINESTRING (0.7225006 43.1070285, 0.7224851 43.1071785)",,,
25546678,,Rue Victor Hugo,living_street,20,True,False,14.086,"LINESTRING (0.7224851 43.1071785, 0.722656 43.1072004)",,,
37076654,,Impasse du Barry,residential,,False,True,16.727,"LINESTRING (0.7224851 43.1071785, 0.7225006 43.1070285)",,,
37076655,,Rue Saint-Jean,residential,,False,True,27.222,"LINESTRING (0.7229532 43.1065895, 0.722841 43.1068202)",,,
386940893,,Boulevard Jean Bepmale,residential,30,True,False,69.691,"LINESTRING (0.7229532 43.1065895, 0.7223235 43.1064189, 0.7221992 43.1063794, 0.7221512 43.1063663)",,,
25545023,,Rue Voltaire,residential,30,True,False,33.584,"LINESTRING (0.723437 43.108627, 0.7232457 43.1088948)",,,
37076657,,Rue Pierre Angot,residential,,True,False,109.614,"LINESTRING (0.723437 43.108627, 0.7229614 43.1084084, 0.7226936 43.1082969, 0.7222938 43.108103)",,,
"[234816308, 25020397]",D 817,"['Boulevard Charles de Gaulle', 'Boulevard Pasteur']",secondary,50,True,False,25.612000000000002,"LINESTRING (0.7208686 43.1084965, 0.7207967 43.1084216, 0.7207617 43.1083798, 0.7207344 43.1083245, 0.7207346 43.1082934)",,,
37076661,,Rue du Nébouzan,residential,,False,False,59.509,"LINESTRING (0.7209791 43.108563, 0.7211809 43.1080485)",,,
234816308,D 817,Boulevard Charles de Gaulle,secondary,50,True,False,11.632000000000001,"LINESTRING (0.7209791 43.108563, 0.7209182 43.1085286, 0.7208686 43.1084965)",,,
37076649,,Rue Raymond Troplong,residential,,False,True,34.191,"LINESTRING (0.7212426 43.1078491, 0.720838 43.1077637)",,,
37076661,,Rue du Nébouzan,residential,,False,True,22.731,"LINESTRING (0.7212426 43.1078491, 0.7211809 43.1080485)",,,
37076649,,Rue Raymond Troplong,residential,,False,False,46.358000000000004,"LINESTRING (0.7212426 43.1078491, 0.7216925 43.1079764, 0.7217775 43.1079945)",,,
37076662,,Rue des Roussis,residential,,False,False,32.559,"LINESTRING (0.7207841 43.1080059, 0.7211809 43.1080485)",,,
234869553,D 817,Boulevard Louis Pasteur,secondary,50,True,False,27.285,"LINESTRING (0.7207841 43.1080059, 0.720838 43.1077637)",,,
37076661,,Rue du Nébouzan,residential,,False,False,22.731,"LINESTRING (0.7211809 43.1080485, 0.7212426 43.1078491)",,,
37076661,,Rue du Nébouzan,residential,,False,True,59.509,"LINESTRING (0.7211809 43.1080485, 0.7209791 43.108563)",,,
37076662,,Rue des Roussis,residential,,False,True,32.559,"LINESTRING (0.7211809 43.1080485, 0.7207841 43.1080059)",,,
37076656,,Rue du Pape Clément 5,living_street,20,True,False,83.90899999999999,"LINESTRING (0.723715 43.1082022, 0.7237444 43.1081214, 0.7238219 43.1077684, 0.7238486 43.1074555)",,,
37076666,,Rue Jacques Lepretre,residential,,False,False,58.125,"LINESTRING (0.723715 43.1082022, 0.7239108 43.1082305, 0.7244271 43.1082384)",,,
37076666,,Rue Jacques Lepretre,residential,,False,True,58.125,"LINESTRING (0.7244271 43.1082384, 0.7239108 43.1082305, 0.723715 43.1082022)",,,
37076667,,Rue des Remparts,residential,,False,False,43.877,"LINESTRING (0.7244873 43.1089669, 0.7248846 43.1089609, 0.7250277 43.1089592)",,,
37076667,,Rue des Remparts,residential,,False,True,48.821,"LINESTRING (0.7256249 43.1089074, 0.7253092 43.1089356, 0.7250277 43.1089592)",,,
37076668,,Rue de l'Union,residential,,False,True,48.07,"LINESTRING (0.7250277 43.1089592, 0.7249817 43.1085282)",,,
37076667,,Rue des Remparts,residential,,False,False,48.821,"LINESTRING (0.7250277 43.1089592, 0.7253092 43.1089356, 0.7256249 43.1089074)",,,
37076667,,Rue des Remparts,residential,,False,True,43.877,"LINESTRING (0.7250277 43.1089592, 0.7248846 43.1089609, 0.7244873 43.1089669)",,,
37076670,,Rue Jean Pégot,residential,,False,False,42.595,"LINESTRING (0.7257843 43.1084489, 0.7258111 43.1084156, 0.726082 43.1081336)",,,
388296869,,Rue de la République,residential,,True,False,19.073999999999998,"LINESTRING (0.7257843 43.1084489, 0.7256395 43.1084352, 0.7255523 43.1084224)",,,
96251986,,Rue du Caro,residential,,False,True,23.446,"LINESTRING (0.7256584 43.1079149, 0.7257032 43.1077066)",,,
37076672,,Rue Conté,residential,,False,False,42.604,"LINESTRING (0.7256584 43.1079149, 0.7253325 43.1078784, 0.7251379 43.1078683)",,,
96251986,,Rue du Caro,residential,,False,False,52.349999999999994,"LINESTRING (0.7256584 43.1079149, 0.7256284 43.1080249, 0.7258779 43.1080934, 0.7259343 43.1080796, 0.726082 43.1081336)",,,
96251986,,Rue du Caro,residential,,False,False,23.446,"LINESTRING (0.7257032 43.1077066, 0.7256584 43.1079149)",,,
"[96251980, 96306813, 484415198, 484415199]",,"['Rue Thiers', 'Passage Barbastro']",residential,30,True,False,40.562,"LINESTRING (0.7257032 43.1077066, 0.7257462 43.1077158, 0.72595 43.1077503, 0.7259869 43.1077571, 0.7261861 43.1077997)",,,building_passage
37076670,,Rue Jean Pégot,residential,,False,False,38.554,"LINESTRING (0.726082 43.1081336, 0.7261384 43.1080054, 0.7261933 43.1078791, 0.7261861 43.1077997)",,,
37076670,,Rue Jean Pégot,residential,,False,True,42.595,"LINESTRING (0.726082 43.1081336, 0.7258111 43.1084156, 0.7257843 43.1084489)",,,
96251986,,Rue du Caro,residential,,False,True,52.35,"LINESTRING (0.726082 43.1081336, 0.7259343 43.1080796, 0.7258779 43.1080934, 0.7256284 43.1080249, 0.7256584 43.1079149)",,,
37076680,,Rue du Général Pelleport,residential,,False,False,93.565,"LINESTRING (0.7210619 43.1101361, 0.7203416 43.1094792)",,,
37076682,,Rue Jules Ferry,residential,,False,False,29.157999999999998,"LINESTRING (0.7210619 43.1101361, 0.7212796 43.1100291, 0.7213762 43.1100252)",,,
37076682,,Rue Jules Ferry,residential,,False,True,76.856,"LINESTRING (0.7210619 43.1101361, 0.720925 43.1101964, 0.7202593 43.1105027)",,,
37076680,,Rue du Général Pelleport,residential,,False,True,93.565,"LINESTRING (0.7203416 43.1094792, 0.7210619 43.1101361)",,,
234869559,D 39,Avenue Anselme Arrieu,tertiary,50,False,False,70.633,"LINESTRING (0.7203416 43.1094792, 0.7210728 43.1091349)",,,
234869559,D 39,Avenue Anselme Arrieu,tertiary,50,False,True,67.264,"LINESTRING (0.7203416 43.1094792, 0.7196417 43.109803)",,,
37076681,,Rue Elisabeth Casteret,residential,,False,False,92.557,"LINESTRING (0.7202593 43.1105027, 0.7196417 43.109803)",,,
37076682,,Rue Jules Ferry,residential,,False,True,92.622,"LINESTRING (0.7202593 43.1105027, 0.7192933 43.110946)",,,
37076682,,Rue Jules Ferry,residential,,False,False,76.856,"LINESTRING (0.7202593 43.1105027, 0.720925 43.1101964, 0.7210619 43.1101361)",,,
37076681,,Rue Elisabeth Casteret,residential,,False,True,92.557,"LINESTRING (0.7196417 43.109803, 0.7202593 43.1105027)",,,
234869559,D 39,Avenue Anselme Arrieu,tertiary,50,False,False,67.264,"LINESTRING (0.7196417 43.109803, 0.7203416 43.1094792)",,,
234869559,D 39,Avenue Anselme Arrieu,tertiary,50,False,True,93.291,"LINESTRING (0.7196417 43.109803, 0.7186729 43.1102543)",,,
25502766,,Rue du Docteur Boularan,residential,50,False,False,91.935,"LINESTRING (0.7192933 43.110946, 0.7186729 43.1102543)",,,
25502766,,Rue du Docteur Boularan,residential,50,False,True,49.957,"LINESTRING (0.7192933 43.110946, 0.7196293 43.1113224)",,,
37076682,,Rue Jules Ferry,residential,,False,False,92.622,"LINESTRING (0.7192933 43.110946, 0.7202593 43.1105027)",,,
37077141,,Rue Rixens,residential,,False,True,92.561,"LINESTRING (0.7217712 43.1097929, 0.7210728 43.1091349)",,,
37077144,,,residential,,False,False,13.901,"LINESTRING (0.7217712 43.1097929, 0.7219168 43.1097271)",,,
37077148,,,residential,,False,False,27.051,"LINESTRING (0.7217712 43.1097929, 0.7215163 43.1099496)",,,
37077141,,Rue Rixens,residential,,False,False,92.561,"LINESTRING (0.7210728 43.1091349, 0.7217712 43.1097929)",,,
234869559,D 39,Avenue Anselme Arrieu,tertiary,50,False,True,70.633,"LINESTRING (0.7210728 43.1091349, 0.7203416 43.1094792)",,,
234869559,D 39,Avenue Anselme Arrieu,tertiary,50,False,False,72.35,"LINESTRING (0.7210728 43.1091349, 0.7217122 43.1088417, 0.7218275 43.1087888)",,,
37077142,,Rue Simon Comet,residential,,False,False,70.569,"LINESTRING (0.7224871 43.1089655, 0.7224461 43.1090513, 0.7222884 43.1094014, 0.7221946 43.1095057, 0.722165 43.1095513)",,,
234812531,D 817,Boulevard Charles de Gaulle,secondary,50,True,False,57.039,"LINESTRING (0.7224871 43.1089655, 0.7220182 43.108842, 0.7218275 43.1087888)",,,
37077143,,Place du Capitaine Gesse,residential,,True,False,28.784000000000002,"LINESTRING (0.7222264 43.1098092, 0.7221822 43.1098079, 0.7221057 43.1098144, 0.7219512 43.1097688, 0.7219168 43.1097271)",roundabout,,
37077145,,Rue du Général Lapène,residential,,False,False,79.377,"LINESTRING (0.7222264 43.1098092, 0.722357 43.1098346, 0.7226454 43.1098696, 0.723186 43.1099447)",,,
37077144,,,residential,,False,True,13.901,"LINESTRING (0.7219168 43.1097271, 0.7217712 43.1097929)",,,
37077143,,Place du Capitaine Gesse,residential,,True,False,28.102,"LINESTRING (0.7219168 43.1097271, 0.7219696 43.1096883, 0.7220756 43.1096072, 0.722165 43.1095513)",roundabout,,
37077142,,Rue Simon Comet,residential,,False,True,70.56899999999999,"LINESTRING (0.722165 43.1095513, 0.7221946 43.1095057, 0.7222884 43.1094014, 0.7224461 43.1090513, 0.7224871 43.1089655)",,,
37077143,,Place du Capitaine Gesse,residential,,True,False,30.967999999999996,"LINESTRING (0.722165 43.1095513, 0.7222269 43.1096187, 0.7222495 43.1096594, 0.7222521 43.1097624, 0.7222264 43.1098092)",roundabout,,
234833267,D 9,Avenue de Boulogne,secondary,50,False,False,17.543,"LINESTRING (0.723186 43.1099447, 0.7232439 43.1097927)",,,
234833267,D 9,Avenue de Boulogne,secondary,50,False,True,48.289,"LINESTRING (0.723186 43.1099447, 0.7230605 43.1103692)",,,
37077145,,Rue du Général Lapène,residential,,False,True,79.377,"LINESTRING (0.723186 43.1099447, 0.7226454 43.1098696, 0.722357 43.1098346, 0.7222264 43.1098092)",,,
25747871,,Rue Edouard Herriot,residential,50,False,True,5.347,"LINESTRING (0.7214618 43.1101107, 0.7214791 43.1100643)",,,
"[714403068, 714403069, 25747871]",,Rue Edouard Herriot,residential,50,False,False,194.837,"LINESTRING (0.7214618 43.1101107, 0.7211594 43.1103954, 0.7208336 43.1107463, 0.7207567 43.1108598, 0.720735 43.1108929, 0.7204899 43.1111419, 0.7201174 43.1115592)",,,
37077146,,Rue Louis Payrau,residential,,False,False,133.469,"LINESTRING (0.7214618 43.1101107, 0.72153 43.1101457, 0.7230605 43.1103692)",,,
37077148,,,residential,,False,True,27.051,"LINESTRING (0.7215163 43.1099496, 0.7217712 43.1097929)",,,
37077147,,,residential,,True,False,16.209,"LINESTRING (0.7215163 43.1099496, 0.7215352 43.1099652, 0.7215464 43.1099844, 0.7215489 43.1100051, 0.7215423 43.1100254, 0.7215274 43.1100431, 0.7215056 43.1100565, 0.7214791 43.1100643)",roundabout,,
25747871,,Rue Edouard Herriot,residential,50,False,False,5.347,"LINESTRING (0.7214791 43.1100643, 0.7214618 43.1101107)",,,
37077147,,,residential,,True,False,10.204,"LINESTRING (0.7214791 43.1100643, 0.721454 43.1100658, 0.7214294 43.1100622, 0.7214071 43.1100537, 0.7213889 43.110041, 0.7213762 43.1100252)",roundabout,,
37076682,,Rue Jules Ferry,residential,,False,True,29.157999999999998,"LINESTRING (0.7213762 43.1100252, 0.7212796 43.1100291, 0.7210619 43.1101361)",,,
37077147,,,residential,,True,False,19.211000000000002,"LINESTRING (0.7213762 43.1100252, 0.7213696 43.1100042, 0.7213728 43.1099827, 0.7213854 43.1099631, 0.7214059 43.1099476, 0.7214323 43.1099378, 0.7214616 43.1099348, 0.7214906 43.1099389, 0.7215163 43.1099496)",roundabout,,
234833267,D 9,Avenue de Boulogne,secondary,50,False,False,8.37,"LINESTRING (0.7218361 43.1122112, 0.7219085 43.1121576)",,,
37077152,,,residential,,False,False,88.071,"LINESTRING (0.7218361 43.1122112, 0.7213504 43.111908, 0.7216446 43.1116634)",,,
37077152,,,residential,,False,True,88.071,"LINESTRING (0.7216446 43.1116634, 0.7213504 43.111908, 0.7218361 43.1122112)",,,
37077160,,Rue André Marie Ampère,residential,,False,False,205.27799999999996,"LINESTRING (0.7221907 43.1118841, 0.7238194 43.1121456, 0.7240232 43.1121735, 0.7240762 43.1121606, 0.7241233 43.1121363, 0.7242298 43.1117496)",,,
234833267,D 9,Avenue de Boulogne,secondary,50,False,False,183.36599999999999,"LINESTRING (0.7221907 43.1118841, 0.7225602 43.1113308, 0.7229141 43.1107899, 0.7230605 43.1103692)",,,
234833267,D 9,Avenue de Boulogne,secondary,50,False,True,38.209,"LINESTRING (0.7221907 43.1118841, 0.7220941 43.1119983, 0.7219982 43.1120889, 0.7219085 43.1121576)",,,
37077160,,Rue André Marie Ampère,residential,,False,False,104.505,"LINESTRING (0.7242298 43.1117496, 0.7243076 43.1117371, 0.7251051 43.1117485, 0.7254618 43.1116008)",,,
37077160,,Rue André Marie Ampère,residential,,False,True,205.278,"LINESTRING (0.7242298 43.1117496, 0.7241233 43.1121363, 0.7240762 43.1121606, 0.7240232 43.1121735, 0.7238194 43.1121456, 0.7221907 43.1118841)",,,
1089940436,,Impasse des Moussades,residential,,False,False,84.582,"LINESTRING (0.7242298 43.1117496, 0.7242278 43.1117006, 0.7236718 43.1116366, 0.7235024 43.1115748, 0.723285 43.11154)",,,
25545070,,Rue du Pradet,residential,,False,False,24.545,"LINESTRING (0.7254618 43.1116008, 0.7255715 43.1118065)",,,
25545070,,Rue du Pradet,residential,,False,True,263.49999999999994,"LINESTRING (0.7254618 43.1116008, 0.7246786 43.110148, 0.7245996 43.1099417, 0.7245919 43.1098969, 0.7245086 43.1093512)",,,
37077160,,Rue André Marie Ampère,residential,,False,True,104.505,"LINESTRING (0.7254618 43.1116008, 0.7251051 43.1117485, 0.7243076 43.1117371, 0.7242298 43.1117496)",,,
25545070,,Rue du Pradet,residential,,False,True,24.545,"LINESTRING (0.7255715 43.1118065, 0.7254618 43.1116008)",,,
25564140,,Rue Guynemer,residential,50,True,False,20.271,"LINESTRING (0.7255715 43.1118065, 0.7258163 43.1117705)",,,
25545070,,Rue du Pradet,residential,,False,False,49.474000000000004,"LINESTRING (0.7255715 43.1118065, 0.72572 43.1121311, 0.725831 43.1121942)",,,
37103923,,Rue Claude Bernard,residential,,False,False,53.76,"LINESTRING (0.7287207 43.1113925, 0.7293787 43.1114473)",,,
37103923,,Rue Claude Bernard,residential,,False,True,53.76,"LINESTRING (0.7293787 43.1114473, 0.7287207 43.1113925)",,,
25564755,,Rue du 83e Régiment d'Infanterie,residential,50,False,False,64.317,"LINESTRING (0.7293787 43.1114473, 0.7293773 43.1114982, 0.7292741 43.1120203)",,,
25564755,,Rue du 83e Régiment d'Infanterie,residential,50,False,True,150.06699999999998,"LINESTRING (0.7293787 43.1114473, 0.7295218 43.1106357, 0.7296031 43.1101749, 0.7296263 43.1101104)",,,
37103927,,Rue de l'Avenir,residential,,False,True,205.206,"LINESTRING (0.7265528 43.1109195, 0.7265471 43.1108278, 0.7265246 43.110423, 0.7265241 43.1104141, 0.7264796 43.109667, 0.7264452 43.1092851, 0.7264204 43.1091719, 0.7263748 43.1090835)",,,
968821964,,Espace Jean Pégot,residential,,True,False,18.549,"LINESTRING (0.7284997 43.1095429, 0.7283393 43.1096617)",,,
1247681763,D 817,Place de la Libération,secondary,50,True,False,15.612,"LINESTRING (0.7284997 43.1095429, 0.7283129 43.1095095)",roundabout,,
1247681765,D 817,Place de la Libération,secondary,50,True,False,21.408,"LINESTRING (0.7284379 43.1092834, 0.7286947 43.1093272)",roundabout,,
234869568,,Rue du 83e Régiment d'Infanterie,residential,50,False,True,24.236,"LINESTRING (0.7292421 43.112237, 0.7292741 43.1120203)",,,
37727499,,Espace Jean Pégot,residential,,True,False,18.216,"LINESTRING (0.7283393 43.1096617, 0.7282922 43.1096106, 0.7283129 43.1095095)",,,
37727499,,Espace Jean Pégot,residential,,True,False,66.414,"LINESTRING (0.7282427 43.1102548, 0.7282598 43.1101492, 0.7282695 43.1100894, 0.7283393 43.1096617)",,,
1247681764,D 817,Place de la Libération,secondary,50,True,False,20.679000000000002,"LINESTRING (0.7283129 43.1095095, 0.7282708 43.1094816, 0.7282504 43.1094439, 0.7282723 43.1093599, 0.728277 43.1093418)",roundabout,,
37727512,,Passage Jean d'Aulon,residential,,False,False,43.507,"LINESTRING (0.7267867 43.1075648, 0.7268558 43.1075163, 0.7271088 43.1074433, 0.7272635 43.1073954)",,,
37727512,,Passage Jean d'Aulon,residential,,False,True,43.507,"LINESTRING (0.7272635 43.1073954, 0.7271088 43.1074433, 0.7268558 43.1075163, 0.7267867 43.1075648)",,,
37727513,,Rue des Fontaines,residential,,False,True,123.498,"LINESTRING (0.7272635 43.1073954, 0.7271678 43.1073758, 0.7269739 43.1073249, 0.7265648 43.1072231, 0.7262151 43.1071289, 0.7258353 43.1070145)",,,
37727513,,Rue des Fontaines,residential,,False,False,123.498,"LINESTRING (0.7258353 43.1070145, 0.7262151 43.1071289, 0.7265648 43.1072231, 0.7269739 43.1073249, 0.7271678 43.1073758, 0.7272635 43.1073954)",,,
"[388296866, 388035252, 234833287]",D 5,Avenue Henri Montagut,secondary,"['50', '30']",True,False,213.424,"LINESTRING (0.7258353 43.1070145, 0.7259814 43.1071114, 0.7263342 43.1072857, 0.7264951 43.1073924, 0.7265554 43.1074923, 0.7265849 43.1076382, 0.7266004 43.1077865, 0.7266238 43.1079447, 0.726656 43.1082423, 0.7266925 43.1085182, 0.7267158 43.1085858, 0.726753 43.1086335, 0.7267797 43.1086693)",,,
37735751,,,residential,,True,False,16.949,"LINESTRING (0.7264192 43.1048183, 0.7263353 43.1047593, 0.726255 43.1047261)",,,
234812535,D 5,,secondary,50,False,False,28.604,"LINESTRING (0.7264192 43.1048183, 0.7264505 43.1047576, 0.7265089 43.10457)",,,
234812535,D 5,,secondary,50,False,True,58.948,"LINESTRING (0.7264192 43.1048183, 0.7263791 43.1048971, 0.7262884 43.1050692, 0.7260916 43.1052879)",,,
234812540,,,residential,50,False,True,64.704,"LINESTRING (0.7269884 43.1042907, 0.7265992 43.1047985)",,,
37727514,,Boulevard Léon Gambetta,unclassified,50,False,False,125.536,"LINESTRING (0.7269884 43.1042907, 0.72686 43.1041895, 0.7267081 43.1040762, 0.7263572 43.1038709, 0.7257599 43.1036179)",,,
37727514,,Boulevard Léon Gambetta,unclassified,50,False,True,135.58999999999997,"LINESTRING (0.7269884 43.1042907, 0.7271742 43.1044547, 0.7273533 43.1045945, 0.727474 43.1046698, 0.7275513 43.1047195, 0.7279408 43.1048817, 0.7283072 43.1050099)",,,
234812538,,Rue Pierre Curie,residential,50,False,True,6.062,"LINESTRING (0.7265992 43.1047985, 0.7265801 43.1048512)",,,
234812540,,,residential,50,False,False,64.704,"LINESTRING (0.7265992 43.1047985, 0.7269884 43.1042907)",,,
26460620,,Rue Pierre Astié,residential,,False,True,141.94600000000003,"LINESTRING (0.7265992 43.1047985, 0.7268074 43.1047934, 0.72736 43.1049323, 0.7278329 43.1049967, 0.7283072 43.1050099)",,,
37727517,,,secondary,,False,False,24.869,"LINESTRING (0.726553 43.1042539, 0.7262978 43.1041302)",,,
234812535,D 5,,secondary,50,False,False,19.003,"LINESTRING (0.726553 43.1042539, 0.7265526 43.104083)",,,
234812535,D 5,,secondary,50,False,True,35.385,"LINESTRING (0.726553 43.1042539, 0.7265325 43.1044797, 0.7265089 43.10457)",,,
234812535,D 5,,secondary,50,False,True,19.003,"LINESTRING (0.7265526 43.104083, 0.726553 43.1042539)",,,
1060211661,,,secondary,,False,True,21.341,"LINESTRING (0.7265526 43.104083, 0.7262978 43.1041302)",,,
37727518,,Rue Alphonse de Lamartine,residential,,False,False,107.915,"LINESTRING (0.7255174 43.106665, 0.725635 43.1066442, 0.7259669 43.1067501, 0.7260183 43.1066467, 0.7262707 43.1061736)",,,
"[388035252, 1025750548]",D 5,Avenue Henri Montagut,secondary,50,True,False,47.096000000000004,"LINESTRING (0.7255174 43.106665, 0.7255563 43.1067358, 0.7256998 43.1069107, 0.7258353 43.1070145)",,,
37727520,,Impasse Lamartine,residential,,False,True,44.726,"LINESTRING (0.7262707 43.1061736, 0.7267344 43.1063908)",,,
37727518,,Rue Alphonse de Lamartine,residential,,False,False,250.079,"LINESTRING (0.7262707 43.1061736, 0.7263969 43.106024, 0.726839 43.1054856, 0.726901 43.105458, 0.7269614 43.1054426, 0.7278319 43.1055495, 0.7279316 43.1055607, 0.7279944 43.1055404, 0.7282858 43.1050461, 0.7283072 43.1050099)",,,
37727518,,Rue Alphonse de Lamartine,residential,,False,True,107.91499999999999,"LINESTRING (0.7262707 43.1061736, 0.7260183 43.1066467, 0.7259669 43.1067501, 0.725635 43.1066442, 0.7255174 43.106665)",,,
37727519,,Rue Pierre Curie,residential,,False,False,179.969,"LINESTRING (0.7262707 43.1061736, 0.7258788 43.1060262, 0.7258619 43.1059904, 0.7259673 43.1057996, 0.7262586 43.1053083, 0.7265691 43.1049103, 0.7265801 43.1048512)",,,
234812538,,Rue Pierre Curie,residential,50,False,False,6.062,"LINESTRING (0.7265801 43.1048512, 0.7265992 43.1047985)",,,
37727519,,Rue Pierre Curie,residential,,False,True,179.969,"LINESTRING (0.7265801 43.1048512, 0.7265691 43.1049103, 0.7262586 43.1053083, 0.7259673 43.1057996, 0.7258619 43.1059904, 0.7258788 43.1060262, 0.7262707 43.1061736)",,,
234812544,,,residential,50,True,False,66.079,"LINESTRING (0.7265801 43.1048512, 0.7265156 43.1049044, 0.7262549 43.1052393, 0.7261731 43.1052902, 0.7260916 43.1052879)",,,
37727520,,Impasse Lamartine,residential,,False,False,44.726,"LINESTRING (0.7267344 43.1063908, 0.7262707 43.1061736)",,,
37735750,,Côte de Goumetx,residential,,False,False,123.534,"LINESTRING (0.7239969 43.1065804, 0.7241074 43.1063124, 0.724207 43.1060793, 0.7242609 43.1058928, 0.7242682 43.1057838, 0.7242592 43.1054967)",,,
234869542,D 8,Avenue Gaston Phoebus,secondary,50,True,False,74.52,"LINESTRING (0.7239969 43.1065804, 0.7242398 43.1066103, 0.7246 43.1066321, 0.7247675 43.1066079, 0.724895 43.1065667)",,,
37735750,,Côte de Goumetx,residential,,False,False,38.011,"LINESTRING (0.7242592 43.1054967, 0.7242575 43.1053538, 0.7242679 43.1052139, 0.7242889 43.1051571)",,,
37735750,,Côte de Goumetx,residential,,False,True,123.53399999999999,"LINESTRING (0.7242592 43.1054967, 0.7242682 43.1057838, 0.7242609 43.1058928, 0.724207 43.1060793, 0.7241074 43.1063124, 0.7239969 43.1065804)",,,
37735754,,Rue du Commandant Bru,residential,,False,False,129.844,"LINESTRING (0.7242592 43.1054967, 0.7239888 43.1054787, 0.7238616 43.1054741, 0.7237446 43.1055078, 0.7236579 43.1055848, 0.7235748 43.1056382, 0.7235278 43.1056627, 0.7234843 43.1056598, 0.7234455 43.1056579, 0.7232913 43.1056494, 0.7229041 43.1055911, 0.7228493 43.1056064, 0.7227834 43.1056376)",,,
37735750,,Côte de Goumetx,residential,,False,False,55.627,"LINESTRING (0.7248907 43.1046952, 0.7252306 43.1047001, 0.7255744 43.104723)",,,
37735750,,Côte de Goumetx,residential,,False,True,75.55499999999999,"LINESTRING (0.7248907 43.1046952, 0.7247792 43.1047083, 0.724685 43.1047428, 0.7245043 43.1048509, 0.7244088 43.104931, 0.724323 43.1050649, 0.7242889 43.1051571)",,,
37735760,,Rue de Froidour,residential,,False,True,90.22,"LINESTRING (0.7248907 43.1046952, 0.7248613 43.1045994, 0.7248845 43.1044572, 0.7249833 43.1038918)",,,
37735750,,Côte de Goumetx,residential,,False,True,55.285000000000004,"LINESTRING (0.726255 43.1047261, 0.7261466 43.1047303, 0.725661 43.1047275, 0.7255744 43.104723)",,,
37735752,,,residential,,True,False,26.96,"LINESTRING (0.726255 43.1047261, 0.7263455 43.1046751, 0.7265089 43.10457)",,,
234812535,D 5,,secondary,50,False,False,35.385,"LINESTRING (0.7265089 43.10457, 0.7265325 43.1044797, 0.726553 43.1042539)",,,
234812535,D 5,,secondary,50,False,True,28.604,"LINESTRING (0.7265089 43.10457, 0.7264505 43.1047576, 0.7264192 43.1048183)",,,
37735753,,Impasse des Pourates,residential,,False,False,88.376,"LINESTRING (0.7250311 43.1053437, 0.7253087 43.1052679, 0.7255744 43.104723)",,,
37735750,,Côte de Goumetx,residential,,False,False,55.285000000000004,"LINESTRING (0.7255744 43.104723, 0.725661 43.1047275, 0.7261466 43.1047303, 0.726255 43.1047261)",,,
37735750,,Côte de Goumetx,residential,,False,True,55.627,"LINESTRING (0.7255744 43.104723, 0.7252306 43.1047001, 0.7248907 43.1046952)",,,
37735753,,Impasse des Pourates,residential,,False,True,88.376,"LINESTRING (0.7255744 43.104723, 0.7253087 43.1052679, 0.7250311 43.1053437)",,,
37735754,,Rue du Commandant Bru,residential,,False,True,129.844,"LINESTRING (0.7227834 43.1056376, 0.7228493 43.1056064, 0.7229041 43.1055911, 0.7232913 43.1056494, 0.7234455 43.1056579, 0.7234843 43.1056598, 0.7235278 43.1056627, 0.7235748 43.1056382, 0.7236579 43.1055848, 0.7237446 43.1055078, 0.7238616 43.1054741, 0.7239888 43.1054787, 0.7242592 43.1054967)",,,
234869570,,Rue du Commandant Bru,unclassified,,False,False,125.365,"LINESTRING (0.7227834 43.1056376, 0.7227753 43.1057058, 0.7227963 43.105773, 0.7229103 43.1058151, 0.7233556 43.1059198, 0.7234253 43.1059688, 0.723444 43.1060098, 0.7234486 43.106061, 0.7233167 43.1063942, 0.7233006 43.1064358)",,,
1025750486,,Rue du Belvédère,residential,,False,True,34.665,"LINESTRING (0.7227834 43.1056376, 0.7226188 43.1055432, 0.7224293 43.105465)",,,
37735755,,Rue du Bout du Puy,residential,,False,False,107.424,"LINESTRING (0.7199636 43.1035703, 0.7211668 43.1039723)",,,
234869569,,Rue du Bugatet,residential,,False,True,134.651,"LINESTRING (0.7199636 43.1035703, 0.7199506 43.1036413, 0.7199717 43.10389, 0.7200464 43.1042495, 0.7201208 43.1045455, 0.7201585 43.1047694)",,,
37735755,,Rue du Bout du Puy,residential,,False,True,107.424,"LINESTRING (0.7211668 43.1039723, 0.7199636 43.1035703)",,,
37735756,,Rue du Bonnefont,residential,,False,True,72.304,"LINESTRING (0.7211668 43.1039723, 0.7215528 43.1033863)",,,
37735756,,Rue du Bonnefont,residential,,False,False,37.62,"LINESTRING (0.7211668 43.1039723, 0.7209982 43.1042508, 0.7209724 43.1042789)",,,
37735756,,Rue du Bonnefont,residential,,False,False,72.304,"LINESTRING (0.7215528 43.1033863, 0.7211668 43.1039723)",,,
37735757,,Rue du Carillon,residential,,False,True,51.421,"LINESTRING (0.7215528 43.1033863, 0.7221068 43.1035591, 0.7221353 43.1035679)",,,
37735756,,Rue du Bonnefont,residential,,False,False,85.704,"LINESTRING (0.7209724 43.1042789, 0.7203595 43.1046587, 0.7201585 43.1047694)",,,
37735756,,Rue du Bonnefont,residential,,False,True,37.62,"LINESTRING (0.7209724 43.1042789, 0.7209982 43.1042508, 0.7211668 43.1039723)",,,
37735758,,Rue du Mont Valier,residential,,False,False,287.109,"LINESTRING (0.7209724 43.1042789, 0.7216271 43.1045203, 0.7219357 43.1046164, 0.7227903 43.1048324, 0.7235277 43.1049931, 0.7242889 43.1051571)",,,
37735764,,Rue Louis Barousse,residential,,False,True,29.67,"LINESTRING (0.7249833 43.1038918, 0.7253486 43.1038838)",,,
37735760,,Rue de Froidour,residential,,False,False,90.22,"LINESTRING (0.7249833 43.1038918, 0.7248845 43.1044572, 0.7248613 43.1045994, 0.7248907 43.1046952)",,,
25545080,,Rue du Froidour,secondary,50,False,False,17.185,"LINESTRING (0.7253486 43.1038838, 0.7253765 43.1037306)",,,
37735764,,Rue Louis Barousse,residential,,False,False,29.67,"LINESTRING (0.7253486 43.1038838, 0.7249833 43.1038918)",,,
25545080,,Rue du Froidour,secondary,50,False,True,91.809,"LINESTRING (0.7253486 43.1038838, 0.7253772 43.10398, 0.7254589 43.1040645, 0.7256145 43.1041159, 0.7258825 43.1041228, 0.7262978 43.1041302)",,,
37727514,,Boulevard Léon Gambetta,unclassified,50,False,False,18.79,"LINESTRING (0.7255811 43.1035359, 0.7253841 43.1034472)",,,
37727514,,Boulevard Léon Gambetta,unclassified,50,False,True,17.142,"LINESTRING (0.7255811 43.1035359, 0.7257599 43.1036179)",,,
37735762,,,unclassified,,True,False,27.288,"LINESTRING (0.7255811 43.1035359, 0.7253765 43.1037306)",,,
37727514,,Boulevard Léon Gambetta,unclassified,50,False,False,17.142,"LINESTRING (0.7257599 43.1036179, 0.7255811 43.1035359)",,,
37735763,,,unclassified,,True,False,33.555,"LINESTRING (0.7257599 43.1036179, 0.7253765 43.1037306)",,,
37727514,,Boulevard Léon Gambetta,unclassified,50,False,True,125.536,"LINESTRING (0.7257599 43.1036179, 0.7263572 43.1038709, 0.7267081 43.1040762, 0.72686 43.1041895, 0.7269884 43.1042907)",,,
1081218297,D 8,Boulevard Eugène Azémar,secondary,30,True,False,16.028,"LINESTRING (0.7207928 43.1068475, 0.7208266 43.10678, 0.7208605 43.1067121)",,,
1247681758,,,secondary,30,True,False,11.565,"LINESTRING (0.7207928 43.1068475, 0.7208199 43.1068539, 0.7208433 43.1068658, 0.7208612 43.106882, 0.7208718 43.1069013, 0.7208745 43.106922)",roundabout,,
"[1081218296, 1081218298, 234833264]",D 8,Boulevard Eugène Azémar,secondary,30,True,False,79.62100000000001,"LINESTRING (0.7208605 43.1067121, 0.7209006 43.1066401, 0.7209527 43.1065427, 0.7210218 43.1064378, 0.7211319 43.1063514, 0.7211943 43.1063176, 0.7213582 43.1062667, 0.7215068 43.1062366)",,,
37076649,,Rue Raymond Troplong,residential,,False,False,43.616,"LINESTRING (0.7217775 43.1079945, 0.721872 43.1080147, 0.7222938 43.108103)",,,
37076649,,Rue Raymond Troplong,residential,,False,True,46.358000000000004,"LINESTRING (0.7217775 43.1079945, 0.7216925 43.1079764, 0.7212426 43.1078491)",,,
25557519,D 5,,secondary,50,False,True,88.681,"LINESTRING (0.7260916 43.1052879, 0.7255014 43.105959)",,,
234812535,D 5,,secondary,50,False,False,58.948,"LINESTRING (0.7260916 43.1052879, 0.7262884 43.1050692, 0.7263791 43.1048971, 0.7264192 43.1048183)",,,
234869548,D 8,Avenue du Maréchal Foch,secondary,50,False,True,15.559999999999999,"LINESTRING (0.7207132 43.1068631, 0.7206499 43.1068319, 0.7205483 43.1067921)",,,
1247681757,,,secondary,30,True,False,6.8790000000000004,"LINESTRING (0.7207132 43.1068631, 0.7207373 43.1068523, 0.7207646 43.106847, 0.7207928 43.1068475)",roundabout,,
25546678,,Rue Victor Hugo,living_street,20,True,False,21.206000000000003,"LINESTRING (0.7208745 43.106922, 0.7209895 43.1069459, 0.7211242 43.1069779)",,,
"[8112054, 1247681759]",,,secondary,30,True,False,13.395000000000001,"LINESTRING (0.7208745 43.106922, 0.7208673 43.1069455, 0.7208498 43.106966, 0.7208241 43.106981, 0.720793 43.1069891, 0.72076 43.1069891)",roundabout,,
25557233,D 817,Avenue du Maréchal Joffre,secondary,50,False,False,15.381,"LINESTRING (0.7206969 43.1069608, 0.7206184 43.106989, 0.7205202 43.1070091)",,,
1247681756,,,secondary,30,True,False,12.005,"LINESTRING (0.7206969 43.1069608, 0.7206832 43.1069417, 0.7206779 43.1069204, 0.7206815 43.106899, 0.7206936 43.1068793, 0.7207132 43.1068631)",roundabout,,
37735750,,Côte de Goumetx,residential,,False,False,75.555,"LINESTRING (0.7242889 43.1051571, 0.724323 43.1050649, 0.7244088 43.104931, 0.7245043 43.1048509, 0.724685 43.1047428, 0.7247792 43.1047083, 0.7248907 43.1046952)",,,
37735750,,Côte de Goumetx,residential,,False,True,38.011,"LINESTRING (0.7242889 43.1051571, 0.7242679 43.1052139, 0.7242575 43.1053538, 0.7242592 43.1054967)",,,
37735758,,Rue du Mont Valier,residential,,False,True,287.109,"LINESTRING (0.7242889 43.1051571, 0.7235277 43.1049931, 0.7227903 43.1048324, 0.7219357 43.1046164, 0.7216271 43.1045203, 0.7209724 43.1042789)",,,
37076655,,Rue Saint-Jean,residential,,False,False,27.222,"LINESTRING (0.722841 43.1068202, 0.7229532 43.1065895)",,,
37076655,,Rue Saint-Jean,residential,,False,True,44.865,"LINESTRING (0.722841 43.1068202, 0.722656 43.1072004)",,,
336588351,,Place Saint-Jean,residential,,False,True,28.922,"LINESTRING (0.722841 43.1068202, 0.7231813 43.1068972)",,,
336588351,,Place Saint-Jean,residential,,False,False,28.922,"LINESTRING (0.7231813 43.1068972, 0.722841 43.1068202)",,,
32302384,,Rue de Goumetx,living_street,20,False,True,17.846,"LINESTRING (0.7238775 43.1071553, 0.7238621 43.1073154)",,,
336588344,,Place Armand Marrast,living_street,20,False,True,77.825,"LINESTRING (0.7238775 43.1071553, 0.724274 43.1072229, 0.7242659 43.1073302, 0.7238621 43.1073154)",,,
"[32302384, 760487341]",,Rue de Goumetx,living_street,"['20', '30']",False,False,37.518,"LINESTRING (0.7238775 43.1071553, 0.723888 43.1070651, 0.723921 43.1068194)",,,
32302384,,Rue de Goumetx,living_street,20,False,False,17.846,"LINESTRING (0.7238621 43.1073154, 0.7238775 43.1071553)",,,
336588344,,Place Armand Marrast,living_street,20,False,False,77.825,"LINESTRING (0.7238621 43.1073154, 0.7242659 43.1073302, 0.724274 43.1072229, 0.7238775 43.1071553)",,,
32302384,,Rue de Goumetx,living_street,20,False,True,15.617,"LINESTRING (0.7238621 43.1073154, 0.7238486 43.1074555)",,,
484415197,,Place Mas Saint-Pierre,residential,30,True,False,44.731,"LINESTRING (0.7251608 43.1076538, 0.725288 43.1076507, 0.7254687 43.1076618, 0.7257032 43.1077066)",,,
37076672,,Rue Conté,residential,,False,True,42.604,"LINESTRING (0.7251379 43.1078683, 0.7253325 43.1078784, 0.7256584 43.1079149)",,,
"[387999164, 25638327]",D 817,Avenue du Général Leclerc,secondary,50,False,"[False, True]",115.428,"LINESTRING (0.7269153 43.1087346, 0.7270036 43.1087359, 0.7270597 43.1087436, 0.727509 43.1088914, 0.7276994 43.1089365, 0.727939 43.1090263, 0.7281066 43.1090989, 0.7282073 43.1091456)",,,
1247681781,,Place Maréchal Juin,secondary,,True,False,20.031999999999996,"LINESTRING (0.7269153 43.1087346, 0.7269193 43.1087657, 0.7269086 43.1087958, 0.7268844 43.1088215, 0.7268496 43.1088396, 0.7268085 43.108848, 0.7267753 43.1088467)",roundabout,,
388296869,,Rue de la République,residential,,True,False,81.53,"LINESTRING (0.7266946 43.1087078, 0.7266346 43.1086403, 0.7265709 43.1086075, 0.7261793 43.1085331, 0.7257843 43.1084489)",,,
"[1247681784, 388296859]",,Place Maréchal Juin,secondary,,True,False,8.341999999999999,"LINESTRING (0.7266946 43.1087078, 0.7267176 43.1086893, 0.7267468 43.1086761, 0.7267797 43.1086693)",roundabout,,
"[537358888, 388296862]",D 817,"['Boulevard Charles de Gaulle', 'Place du Maréchal Juin']",secondary,50,True,False,42.086999999999996,"LINESTRING (0.7267753 43.1088467, 0.7267003 43.1088954, 0.7265117 43.1090267, 0.7263748 43.1090835)",,,
1247681783,,Place Maréchal Juin,secondary,,True,False,19.864,"LINESTRING (0.7267753 43.1088467, 0.72673 43.1088342, 0.7267007 43.1088151, 0.7266811 43.1087902, 0.7266733 43.1087622, 0.7266779 43.1087337, 0.7266946 43.1087078)",roundabout,,
1247681782,,Place Maréchal Juin,secondary,,True,False,14.347,"LINESTRING (0.7267797 43.1086693, 0.726815 43.1086695, 0.7268489 43.108677, 0.7268784 43.1086912, 0.7269011 43.108711, 0.7269153 43.1087346)",roundabout,,
25621362,,Rue du Belvédère,residential,,True,False,202.159,"LINESTRING (0.7224293 43.105465, 0.7220394 43.1052815, 0.7215232 43.1050431, 0.7213437 43.1050011, 0.7202268 43.1047825, 0.7201585 43.1047694)",,,
1025750486,,Rue du Belvédère,residential,,False,False,34.665,"LINESTRING (0.7224293 43.105465, 0.7226188 43.1055432, 0.7227834 43.1056376)",,,
37735757,,Rue du Carillon,residential,,False,False,51.421,"LINESTRING (0.7221353 43.1035679, 0.7221068 43.1035591, 0.7215528 43.1033863)",,,
"[37735757, 424750287]",,Rue du Carillon,residential,,False,"[False, True]",35.673,"LINESTRING (0.7221353 43.1035679, 0.7222588 43.1036062, 0.72221 43.1036596, 0.7221484 43.1036675, 0.7221083 43.1036315, 0.7221353 43.1035679)",,,
"[37735757, 424750287]",,Rue du Carillon,residential,,False,"[False, True]",35.673,"LINESTRING (0.7221353 43.1035679, 0.7221083 43.1036315, 0.7221484 43.1036675, 0.72221 43.1036596, 0.7222588 43.1036062, 0.7221353 43.1035679)",,,
25557233,D 817,Avenue du Maréchal Joffre,secondary,50,False,True,15.381,"LINESTRING (0.7205202 43.1070091, 0.7206184 43.106989, 0.7206969 43.1069608)",,,
234869553,D 817,Boulevard Louis Pasteur,secondary,50,True,False,16.662,"LINESTRING (0.7207861 43.1071359, 0.7207919 43.1070819, 0.72076 43.1069891)",,,
687908062,,Boulevard Pasteur,secondary_link,50,True,False,26.532,"LINESTRING (0.7207861 43.1071359, 0.7207301 43.1070864, 0.720672 43.1070488, 0.7205202 43.1070091)",,,
234833267,D 9,Avenue de Boulogne,secondary,50,False,True,8.37,"LINESTRING (0.7219085 43.1121576, 0.7218361 43.1122112)",,,
234833267,D 9,Avenue de Boulogne,secondary,50,False,False,38.209,"LINESTRING (0.7219085 43.1121576, 0.7219982 43.1120889, 0.7220941 43.1119983, 0.7221907 43.1118841)",,,
234869548,D 8,Avenue du Maréchal Foch,secondary,50,False,False,15.559999999999999,"LINESTRING (0.7205483 43.1067921, 0.7206499 43.1068319, 0.7207132 43.1068631)",,,
713923414,,,secondary_link,,True,False,27.054,"LINESTRING (0.7205483 43.1067921, 0.7207132 43.1067651, 0.7207999 43.1067355, 0.7208605 43.1067121)",,,
1060211662,,Rue Voltaire,residential,30,True,False,28.633,"LINESTRING (0.7231043 43.1091307, 0.7232457 43.1088948)",,,
234812531,D 817,Boulevard Charles de Gaulle,secondary,50,True,False,53.367000000000004,"LINESTRING (0.7231043 43.1091307, 0.7225734 43.1089904, 0.7224871 43.1089655)",,,
1089940436,,Impasse des Moussades,residential,,False,True,84.582,"LINESTRING (0.723285 43.11154, 0.7235024 43.1115748, 0.7236718 43.1116366, 0.7242278 43.1117006, 0.7242298 43.1117496)",,,
